0.000139488481261 0.000018749592639 0.000000050703113 0.000000084515699 0.000000030061861 0.000000041944919 0.000000034106136 0.000000039748707 0.999841480845666 
0.000023264288113 0.000006276041741 0.000161684917196 0.566923405207588 0.000788096453879 0.000010882755647 0.000252567738940 0.118918003190061 0.312915819406834 
0.000122477308032 0.000119875747910 0.000060408255271 0.001043462482417 0.000153048638914 0.079641912505224 0.308151175865484 0.610653987356350 0.000053651840398 
0.000443182661630 0.003499110295218 0.009417613709752 0.700550696345139 0.003315646856653 0.095986421121715 0.179435665607834 0.007326988860307 0.000024674541752 
0.000159820443968 0.000352718736848 0.000217907565166 0.281509355331150 0.049065968122228 0.000420750894851 0.005492715066395 0.621406639027705 0.041374124811690 
0.996462316767273 0.003078434914984 0.000000833623516 0.000000734310440 0.000392747378480 0.000000584608201 0.000000052081608 0.000015492787644 0.000048803527854 
0.000000067122855 0.000000023640341 0.000000042124293 0.000011260773594 0.000000017168642 0.000138301947904 0.994484034345101 0.005364611953556 0.000001640923713 
0.000033149889018 0.000211438963619 0.998010791885724 0.000001680765541 0.000118976068607 0.000345861141288 0.001275724292370 0.000000963309400 0.000001413684432 
0.000135686287876 0.000388979060996 0.000346729700185 0.737060689455653 0.106195340747845 0.000184903767561 0.004960691941862 0.103912607711324 0.046814371326697 
0.000162085420870 0.995851556285817 0.000433942260786 0.000034415033373 0.000892050268297 0.000041478428030 0.000013021000610 0.000084152740385 0.002487298561832 
0.000136879921492 0.000051434752158 0.000159758620786 0.004537139634522 0.012403749141682 0.001472582669213 0.075223131022883 0.905157332854507 0.000857991382757 
0.000159463483391 0.232181564866606 0.283181963836269 0.019958910251460 0.005971300081386 0.451375538569693 0.006912681842093 0.000137306403681 0.000121270665421 
0.038493661278895 0.167664437419101 0.011760995445709 0.085973841865553 0.328507144199581 0.009969581285327 0.003394541110606 0.341756530914490 0.012479266480739 
0.003169463251342 0.000074814186882 0.086377070444082 0.542920148097648 0.019604914060991 0.000664933829499 0.023450955778568 0.278757506681156 0.044980193669833 
0.010686398751176 0.000669434326596 0.737641392238738 0.000517108680997 0.001880989161351 0.013392686684116 0.051712409831095 0.181658361444021 0.001841218881911 
0.000067728506138 0.000047042298114 0.639375473883814 0.001271858577941 0.000068839462053 0.001070389796440 0.355161237986476 0.001845290795616 0.001092138693408 
0.001387851034496 0.000064835442854 0.953078367287734 0.035563048398888 0.000132043631740 0.000068394499960 0.000070972495272 0.009631867502234 0.000002619706822 
0.748925087487751 0.000231443143005 0.001473689266453 0.000865869531540 0.002518362684058 0.126542593855046 0.002334386140763 0.054561524879178 0.062547043012205 
0.277127312450877 0.052853134098876 0.065626331638108 0.000164778523648 0.000152304573853 0.579344337977063 0.000405269505436 0.024298315144715 0.000028216087424 
0.161384170306319 0.023926213896263 0.082178825669545 0.002557467915786 0.000892113130631 0.020331505410457 0.004329091365193 0.676347957481923 0.028052654823883 
0.000006754531646 0.000002084615519 0.000000307526024 0.000000012702892 0.000000270515585 0.999713917624553 0.000001258630764 0.000018353153905 0.000257040699112 
0.001045201461508 0.001736618189805 0.869283798905000 0.037564883065848 0.000139949960253 0.058752261915226 0.003480213536503 0.026792169258350 0.001204903707508 
0.000035542627409 0.000007324777274 0.217606300533660 0.000257909757913 0.000002863465911 0.770059257147416 0.000254414988859 0.011768158703398 0.000008227998160 
0.001385969055180 0.002214229691216 0.000703877864225 0.003455553247106 0.000663762797379 0.003061550765824 0.022021947590285 0.001086302332670 0.965406806656114 
0.015969367732068 0.005675095381076 0.009087568407365 0.120089508687804 0.096484982113227 0.017775131442612 0.071713382107637 0.660962674788828 0.002242289339384 
0.017051074820481 0.007794709552465 0.011779941840441 0.090868666706963 0.083565874840392 0.106044120756948 0.008759083192379 0.673087436066553 0.001049092223378 
0.129814472430619 0.076186653465408 0.026970085193714 0.703688858410818 0.000825006755645 0.024505321449330 0.026534195463019 0.000557510632533 0.010917896198915 
0.000001634093770 0.012745816531475 0.000072069027972 0.000000255628102 0.000000040876841 0.000016198544323 0.000139943445680 0.000317075013512 0.986706966838327 
0.000001463752334 0.002587721999128 0.000465484701101 0.000004225692829 0.000401798303715 0.000092000428133 0.000345355814059 0.013122757696034 0.982979191612667 
0.001111998614665 0.000053222393009 0.000198809927283 0.002650069722482 0.001314696643972 0.000477216004975 0.034595511562525 0.959568735836278 0.000029739294813 
0.000503728811274 0.002386082193703 0.000284211321255 0.001812619019292 0.079829472944092 0.016882807077580 0.465011795255884 0.433132103941988 0.000157179434931 
0.000156519356237 0.021282271567618 0.000258689806170 0.000908985992581 0.000096627142920 0.076551552700167 0.011094443588502 0.888153337433390 0.001497572412416 
0.066272620443001 0.046515418916781 0.214845002006196 0.008164217183986 0.001841456523315 0.003305992884963 0.049613344864838 0.609145312266078 0.000296634910841 
0.000002511424920 0.000009231303745 0.007632038741851 0.000007870411037 0.000005583804138 0.959061316093106 0.014805000722749 0.017726931030401 0.000749516468053 
0.000009136443956 0.000000795393153 0.000003397164951 0.001690739431764 0.000002748213999 0.000017951097333 0.606282450145924 0.391950660906017 0.000042121202903 
0.000023623749469 0.001877193158632 0.000372118569782 0.000251022490690 0.002526872218077 0.007192560733976 0.700663161737192 0.000063297924447 0.287030149417735 
0.000002563693980 0.000006513254010 0.000000408783002 0.000000383590071 0.000108941515068 0.021604981222127 0.000056755080650 0.978219321727781 0.000000131133312 
0.062005114900858 0.243592045178827 0.200893492597259 0.000374315924601 0.083745453280484 0.006798859517106 0.012158334236728 0.388290930701477 0.002141453662660 
0.000087550718758 0.001732228949610 0.002807400565081 0.021835410555644 0.061371342360673 0.834391727560901 0.000367704000626 0.077382680499558 0.000023954789150 
0.000329539101198 0.000035882331486 0.007898356787061 0.014773495581306 0.063586407960885 0.000685024781638 0.003780203091884 0.908749734056169 0.000161356308373 
0.002247078909279 0.009163819888934 0.224014573543465 0.229038728696564 0.000209272323942 0.041374887315480 0.148967939283804 0.000612167776276 0.344371532262256 
0.000005011947265 0.000000184546192 0.000002618376620 0.002473289970523 0.977540023935710 0.000000218184229 0.000000178435964 0.019978350978867 0.000000123624630 
0.000834159176366 0.018421380322913 0.168559527125977 0.035961681331610 0.001324253579021 0.053561416321550 0.556974224970014 0.004236082756905 0.160127274415644 
0.000000287121119 0.000024283542717 0.000627693422464 0.985849383138589 0.000034905306504 0.000340404925549 0.012468975354826 0.000651820923165 0.000002246265066 
0.000007722876814 0.000014079036794 0.000250948299269 0.000008540306857 0.000000237263709 0.000507921515658 0.000003547158778 0.001318390480857 0.997888613061264 
0.000000751314945 0.000054490842096 0.000001792497059 0.000003164704393 0.000001143140904 0.000066595809331 0.000117864970638 0.999659152748164 0.000095043972470 
0.000129557687077 0.015799068190784 0.002424142765247 0.000019895553051 0.000030217953727 0.040744504146748 0.003992729024034 0.936772974406298 0.000086910273033 
0.000394006421596 0.007765694781547 0.000131045842880 0.000111836413253 0.185999117420397 0.001840223310484 0.007556770592699 0.796145476565516 0.000055828651627 
0.072634578837084 0.000791175156421 0.220909717722973 0.009479618766568 0.605905540987106 0.016725643840381 0.004245901229339 0.061254425566483 0.008053397893644 
0.067660496977334 0.000429287899188 0.533624553603529 0.005734741689721 0.000212686188842 0.000249599538497 0.002845732513827 0.388915660299447 0.000327241289616 
0.000000026727997 0.000088211407895 0.000000196828261 0.000000351627218 0.996462011385595 0.000010944130617 0.000000442965361 0.003436113433725 0.000001701493332 
0.999999598836745 0.000000000000007 0.000000000000000 0.000000000000005 0.000000000000005 0.000000000000792 0.000000000000033 0.000000401162040 0.000000000000372 
0.000000000000565 0.000000000016152 0.000000000001859 0.999999996182282 0.000000000000980 0.000000000000008 0.000000003785416 0.000000000000275 0.000000000012462 
0.000000271524632 0.998108813394305 0.000062502626559 0.000000056378217 0.000148553859216 0.001279682885872 0.000075805252224 0.000323819927124 0.000000494151851 
0.001090364350060 0.584847954432064 0.035150607686881 0.000083620372908 0.001174299625525 0.046996912426381 0.329340413225331 0.000561183072920 0.000754644807930 
0.000021494179980 0.000008351926242 0.009242264403100 0.000011064947180 0.000448950303901 0.850553165621151 0.133824189641378 0.002838815594230 0.003051703382839 
0.000002268081811 0.000010042081937 0.000039221083910 0.013576076706581 0.001264649714217 0.000083078376471 0.000476029799879 0.984140998628978 0.000407635526216 
0.003357321413864 0.018716162545139 0.002534441907033 0.008327809511472 0.001078351469439 0.828397786739642 0.064350419804467 0.069079875967684 0.004157830641261 
0.000593972178985 0.002112130603177 0.033220833778396 0.003822788776840 0.000025872547941 0.047660225474608 0.902273060933763 0.009715953279926 0.000575162426364 
0.000000111446550 0.000001543588386 0.000068874694155 0.003981085607882 0.000012782152051 0.000016836511418 0.995827996009967 0.000020704888398 0.000070065101192 
0.000791121753795 0.029050352016362 0.002378253990048 0.188486540438104 0.031033044886433 0.002063134855988 0.675063392196021 0.000470841669726 0.070663318193523 
0.000000007510568 0.000002720201048 0.000005960270061 0.974885972953143 0.000000706519690 0.000015229263273 0.025088774457773 0.000000469853560 0.000000158970885 
0.001310511388083 0.000015664808703 0.000009474052184 0.000035420357044 0.000079886486843 0.195468928564404 0.000039526712636 0.058980768528130 0.744059819101972 
0.000005850859523 0.000044348929787 0.000084796865392 0.003778901271299 0.000019236289580 0.039291699912343 0.955145130849570 0.001625025159467 0.000005009863040 
0.000006790977282 0.999945604343449 0.000000001556098 0.000000014710646 0.000006566051489 0.000030343312912 0.000000637192266 0.000009781238977 0.000000260616881 
0.000002824583412 0.000000209387409 0.000010009662624 0.000023741649980 0.000010575403591 0.003900464348908 0.000451547642986 0.995600039203938 0.000000588117153 
0.030396105664752 0.000642384334254 0.105987323471924 0.016934305862181 0.033923279752739 0.143351763895867 0.449884776193152 0.034163693857399 0.184716366967732 
0.999571670401499 0.000087934492741 0.000303898005415 0.000001085317029 0.000000091863834 0.000007385009014 0.000000012109829 0.000027408690554 0.000000514110085 
0.000001622258548 0.000120580712695 0.011932837631580 0.007385097103340 0.000003912002314 0.118659027441964 0.858523509730686 0.003365996529165 0.000007416589709 
0.031047765835744 0.002631920616306 0.945587901483405 0.019440273192203 0.000149230506050 0.000214964335079 0.000056237968845 0.000275162582211 0.000596543480156 
0.000084219961059 0.002649846175612 0.001816231375309 0.000195727221014 0.000032170888519 0.047851701742569 0.945625564379400 0.000264177694078 0.001480360562439 
0.018512984042239 0.014835033709430 0.006101053895624 0.000611745780585 0.032775540673345 0.018945179629009 0.001051577613943 0.906291978346986 0.000874906308840 
0.000616316845124 0.168252514137612 0.047936437340668 0.574652730436910 0.001537897019273 0.004818178303454 0.102486994877183 0.013797893164676 0.085901037875102 
0.000027072241002 0.040099088630970 0.026126590965900 0.899657024358328 0.001048666761759 0.000227449647820 0.032762468482408 0.000047520865374 0.000004118046439 
0.000008897375274 0.000157768113708 0.008043763263289 0.874997510538464 0.034271395001358 0.002130967370672 0.018840918888893 0.059763257034457 0.001785522413883 
0.000007188047346 0.000012389502677 0.000056812112756 0.000002643224453 0.004241827865758 0.105714733903483 0.000023906241028 0.889940206500056 0.000000292602442 
0.985153410058088 0.011589938781145 0.002807367959828 0.000146968114381 0.000003813520027 0.000095576087143 0.000005686941913 0.000094740602244 0.000102497935230 
0.000112109444928 0.000028212230258 0.000121440639671 0.000021437797042 0.001260716615854 0.003207046121227 0.000108174491027 0.995136886464002 0.000003976195991 
0.187169493156841 0.002658001665415 0.000371950531592 0.000132032732567 0.000101155593975 0.000669874087647 0.000008349902531 0.000005897036083 0.808883245293349 
0.000027638897717 0.000020489736825 0.000292283031305 0.000066363958677 0.000080445031937 0.000190124879751 0.002534328826142 0.996669119872580 0.000119205765066 
0.000033709411402 0.000313662343597 0.000254909114641 0.784206038060835 0.051669713086252 0.000188577123878 0.013803991500008 0.135036051302447 0.014493348056940 
0.000000000000000 0.000000000000011 0.000000000000001 0.000000000907480 0.000000000000000 0.000000000000713 0.999999999091704 0.000000000000090 0.000000000000001 
0.641312244183246 0.004336568897057 0.000356075126367 0.000063474721353 0.006344190160407 0.160583885757065 0.000005417106071 0.085950062476894 0.101048081571541 
0.999999076065109 0.000000923476094 0.000000000024891 0.000000000031229 0.000000000013608 0.000000000021778 0.000000000001071 0.000000000004034 0.000000000362187 
0.000068476595311 0.004272647820824 0.000186681137167 0.000958128605401 0.000030379316926 0.123754124923997 0.847911895529021 0.002337913192987 0.020479752878365 
0.000163658661399 0.000057823942841 0.000154396338960 0.000571516255220 0.007573290481582 0.000022772483109 0.000571800941196 0.990517612027501 0.000367128868193 
0.000000000008192 0.000000003755057 0.000000001357213 0.997979632837403 0.000000000416772 0.000053287839177 0.001834208160341 0.000132865607457 0.000000000018388 
0.000055373938302 0.017958504235943 0.000389003777867 0.001260657961492 0.001200350714683 0.116468840804854 0.860310849055226 0.001125878676221 0.001230540835411 
0.006859831330799 0.054204116410154 0.181872129337250 0.185289386467684 0.226778292249796 0.011355734448470 0.066039421164350 0.014483829990486 0.253117258601011 
0.000000001940601 0.000000023403318 0.000001581202316 0.999931961697322 0.000001677941119 0.000002222155159 0.000042193345429 0.000020335385921 0.000000002928815 
0.000222520644842 0.301284380407385 0.000042987091937 0.000344589854786 0.000009073879334 0.000027558193142 0.001011770335725 0.675014791608596 0.022042327984255 
0.000000000000000 0.000000000000000 0.000000000000000 1.000000000000000 0.000000000000000 0.000000000000000 0.000000000000000 0.000000000000000 0.000000000000000 
0.000030769579730 0.001626208532749 0.000224246642973 0.001927429503691 0.005497619892871 0.026527747265577 0.005558166300658 0.003789329694435 0.954818482587315 
0.001055062386165 0.000027567986166 0.013809667618902 0.009292911441944 0.007689485675148 0.134675731343643 0.790274140838569 0.041827327714378 0.001348104995084 
0.012398855197162 0.872847753085045 0.001338997427556 0.000153660623105 0.051578821157019 0.010523913517926 0.001941830617739 0.047166841991353 0.002049326383095 
0.296502538992484 0.073799929890558 0.001603896179919 0.001298988366111 0.405453332903104 0.015811077178194 0.087793352121072 0.071429345164667 0.046307539203891 
0.089636687045396 0.001498521102078 0.002281852675115 0.000021636895203 0.000243274386482 0.011628333811097 0.888837731679726 0.000632253213888 0.005219709191016 
0.002295777417142 0.011232580515324 0.977764193482694 0.005513284425195 0.000006534160058 0.001264733628947 0.001293278581274 0.000004616439832 0.000625001349533 
0.006360799357552 0.002527912983489 0.294802032443336 0.407411631766549 0.003808761438783 0.002005461190694 0.028095630179035 0.004265946396148 0.250721824244414 
0.066461033750324 0.000179436448209 0.003459180866583 0.001915915961735 0.554288781554593 0.001387850041911 0.000233623558652 0.361685777628388 0.010388400189605 
0.000032982809312 0.000000495310964 0.000000354665742 0.000001035288877 0.000002654935859 0.989040436290441 0.000006708198908 0.010167386714595 0.000747945785303 
0.000007544912310 0.000088112769873 0.005265774250678 0.000121313665696 0.000043014336621 0.000006074401525 0.000158989548907 0.994309166441678 0.000000009672712 
0.002628197050243 0.000241887648960 0.000982335950067 0.021574543519007 0.004299914242423 0.756133599043411 0.012925383341585 0.200910207397092 0.000303931807212 
0.000000000001779 0.000000006192400 0.000000001110728 0.999999916594027 0.000000004035522 0.000000000044460 0.000000048625387 0.000000023323297 0.000000000072400 
0.011139321812627 0.000054329786619 0.023569520051772 0.040078793501544 0.004655746923654 0.010030809976194 0.813940570453748 0.094377939496475 0.002152967997366 
0.000009028702562 0.000003469389619 0.005971292465232 0.993092088403665 0.000062646479479 0.000000418791824 0.000208702266956 0.000001770635774 0.000650582864889 
0.000001764240735 0.000000963329679 0.000014415822954 0.999489991701054 0.000076953428913 0.000000016854298 0.000000278101373 0.000415532329348 0.000000084191646 
0.000004843818888 0.000011938678651 0.002067702643940 0.992570613476509 0.000035714380975 0.000001331030476 0.000184412009435 0.000261744028593 0.004861699932533 
0.001524424769574 0.240042775478788 0.599123131417430 0.027758090260521 0.036524970085510 0.002380063430080 0.018950060774527 0.073442085160854 0.000254398622717 
0.000458991835849 0.008414758631442 0.709206787004902 0.277884940270819 0.000426014090955 0.000176184620099 0.000503202373950 0.000007390478061 0.002921730693923 
0.000168009205286 0.002192458445998 0.403571427669374 0.180527567075231 0.070631942978157 0.003763590764662 0.038874965859626 0.076366910391174 0.223903127610492 
0.001185128378832 0.257446287287291 0.039720685815778 0.006301931068793 0.005605403847859 0.221074799888388 0.447631838404845 0.002914245944732 0.018119679363482 
0.000000832478208 0.000006298312658 0.000501749888530 0.849303402087056 0.000000525409020 0.000001949653697 0.150181788933853 0.000000760409455 0.000002692827523 
0.000006696713630 0.019196762097818 0.000004618116339 0.000003779028262 0.001051788053619 0.002292863846156 0.000004871378239 0.977376190080828 0.000062430685109 
0.005018895102591 0.007079404616061 0.016611958214633 0.239281291175403 0.152007492195730 0.005109491100908 0.006384861580501 0.000433674862841 0.568072931151332 
0.101716182639011 0.000079097533379 0.000040954499850 0.000424054375327 0.000183607750382 0.000742753844754 0.000114561487857 0.011080163214084 0.885618624655357 
0.000012970582259 0.000056968124382 0.000000754711207 0.000000821420509 0.000000079479185 0.000001965919137 0.001325758317807 0.998590326596746 0.000010354848768 
0.000957274664710 0.005393033765163 0.843301948597761 0.003061010460362 0.000612470241689 0.003095331712400 0.115096979991913 0.000264655864163 0.028217294701838 
0.000070114091333 0.583712468106900 0.412674238293016 0.001030879696967 0.000477218182244 0.000494414281094 0.001183854348533 0.000144917380654 0.000211895619259 
0.025870959662895 0.000034273633985 0.000011095907760 0.000216568386400 0.000788976369201 0.115102276167750 0.000000900411291 0.844395588127106 0.013579361333613 
0.000434027055454 0.001902942919640 0.031607410194564 0.825378107060133 0.004358537620383 0.000356918288530 0.000235786532387 0.134661145936282 0.001065124392628 
0.000133588041404 0.005644070176089 0.015257031330783 0.001218469383843 0.429132387830702 0.015424165497257 0.009877520983393 0.523211336569770 0.000101430186759 
0.011242834974458 0.013031350544180 0.457435108170024 0.006079637269580 0.000657622010129 0.007032097564100 0.197754237420938 0.000332304033552 0.306434808013040 
0.002461811050019 0.039395723833823 0.011667815953592 0.000030359289728 0.016093690138014 0.869925241179202 0.000097870243679 0.060277402260387 0.000050086051555 
0.000094002998908 0.000105149872021 0.018363617659489 0.027162881920394 0.000012880012421 0.000002920826678 0.000400120873433 0.941356016082516 0.012502409754139 
0.003727674626341 0.017464104704410 0.010773006579722 0.115167157292994 0.775396580055814 0.018420194955459 0.021376878941861 0.033094880894666 0.004579521948732 
0.151130875664171 0.352886398436076 0.273430147672219 0.020232236276942 0.189909223640249 0.000826468221189 0.002157146293284 0.004021142988346 0.005406360807524 
0.000884042491783 0.001408396537917 0.872846622389318 0.000384235301448 0.000920277384150 0.000647523527688 0.121719577035882 0.000277165591025 0.000912159740789 
0.058955844642019 0.002924369107921 0.000763646546619 0.000001649981452 0.000014887531444 0.920556858414406 0.000035425576059 0.000061339502419 0.016685978697662 
0.000681034251240 0.000191208145250 0.006577753814027 0.004183768190424 0.230425435856120 0.004267167769805 0.016484924909111 0.736999579335254 0.000189127728769 
0.001065237822143 0.004137757942710 0.000290122532728 0.080189940867106 0.555916487932440 0.105727822689047 0.000995169784600 0.251642160768229 0.000035299660996 
0.015191850940670 0.000039791544531 0.000837578876990 0.973851825081372 0.003767633787221 0.001849827075027 0.000346130004745 0.000955700367441 0.003159662322002 
0.001626950547533 0.527536170620746 0.242753720348283 0.000295011020090 0.011809525279278 0.178070124913182 0.028940888810050 0.008310812957445 0.000656795503392 
0.002522934375166 0.383612396493390 0.011880479305301 0.000930003116918 0.001044494105559 0.003095469709775 0.589687454665907 0.000455924824635 0.006770843403350 
0.000001661063831 0.000047470490220 0.997450955825410 0.000297418208997 0.000024898766384 0.000070417320268 0.002092214303448 0.000011898927374 0.000003065094066 
0.000000128898589 0.000040030460917 0.000790138058065 0.000049123163597 0.000730222795751 0.016736390294303 0.522301709392842 0.459351360384230 0.000000896551705 
0.000001464405635 0.000726451302258 0.000006025614405 0.993410697478330 0.003947664630045 0.000001224055407 0.000187348299789 0.000151040717102 0.001568083497028 
0.000148823371751 0.011242316294966 0.001973086167248 0.000174797852606 0.000131084241090 0.051659024236109 0.329664311650077 0.000045007996693 0.604961548189460 
0.182063832977208 0.111122962252341 0.008022076922375 0.009559518466953 0.006802072575307 0.268797244163681 0.035173408480826 0.326665710590739 0.051793173570570 
0.000389849195707 0.001729054466065 0.000065093193334 0.703244557090073 0.015595114742642 0.000711930280998 0.002323290983033 0.252576635017908 0.023364475030239 
0.015015936159768 0.490842375026526 0.057668035802900 0.000934992330683 0.281677569942431 0.058763742924896 0.080407145594937 0.000078992137862 0.014611210079998 
0.009852770875977 0.051261486658663 0.664977179037588 0.001322538138911 0.012236334005042 0.136456068840940 0.095485339520716 0.027014958276290 0.001393324645874 
0.001911520981570 0.013982302888342 0.015297682565038 0.005395521462085 0.002348740555327 0.739466699909665 0.042747864913378 0.173609626102617 0.005240040621978 
0.001995290876341 0.000101637760176 0.001078768208348 0.009066323570154 0.012337073594142 0.002407069042391 0.004518015471217 0.162031351192887 0.806464470284344 
0.000000000000073 0.000000000604681 0.000000000000003 0.000000000000039 0.999999999389847 0.000000000000011 0.000000000000001 0.000000000005329 0.000000000000016 
0.000010142427440 0.000783442258380 0.148911487092622 0.018259437745001 0.471284564773424 0.000261401453614 0.019456711660731 0.340931672420248 0.000101140168540 
0.000388350356341 0.021871045384106 0.530761428697150 0.029616766401763 0.000932759980796 0.001930159483537 0.328255619778957 0.084172867740633 0.002071002176718 
0.003438737644561 0.044701785292312 0.003113864129290 0.564536161141364 0.001253568695727 0.010747943567710 0.326942541126250 0.000500986782865 0.044764411619921 
0.000088739810648 0.000427241151816 0.771273722443869 0.001816614008032 0.000079053007792 0.161984934368530 0.063134876400230 0.000523040350013 0.000671778459069 
0.000079201242384 0.995501575759596 0.000116302201096 0.000511389221086 0.002706582330629 0.000278690538541 0.000137604273904 0.000617795184196 0.000050859248568 
0.004933856907157 0.105011620587930 0.018236042926657 0.000600958749225 0.068588920730340 0.094151107323176 0.025352827601944 0.678551932358729 0.004572732814842 
0.040637391767554 0.022631180470816 0.025248042356061 0.904351961229045 0.000111822623959 0.000678486037950 0.003817598737677 0.000023717042944 0.002499799733993 
0.000000018234594 0.000006757636972 0.000000838639174 0.999354918738609 0.000000147442836 0.000001890507419 0.000630740968373 0.000004629589802 0.000000058242222 
0.000005280259994 0.000373487799176 0.004054105449289 0.951662122888767 0.000214696486025 0.000008258354362 0.002090133749412 0.038810082024326 0.002781832988649 
0.000000110786502 0.000000030946965 0.000000254529043 0.000077040377472 0.000000443121920 0.000022287871847 0.000310613591051 0.999589193604140 0.000000025171061 
0.004769835420539 0.002720712518333 0.000468792425187 0.000033244857060 0.002238329438561 0.922562201990260 0.057209776480556 0.000222598584583 0.009774508284921 
0.131559761967792 0.031706484299940 0.000235383592290 0.000251689577031 0.037093220312597 0.365626094693045 0.075491586428629 0.357080487665466 0.000955291463210 
0.001067060617510 0.000277689355001 0.001694229019951 0.099291282916741 0.002815111251776 0.001854096994036 0.800140855758717 0.090386758677919 0.002472915408348 
0.000282875113855 0.999704992005305 0.000000002858482 0.000000014448069 0.000002032392167 0.000000001414153 0.000000030080309 0.000000022741712 0.000010028945947 
0.001556057006396 0.006431533887985 0.000141269348414 0.000082974085866 0.000068750797781 0.000503474135069 0.990513070177547 0.000067038584425 0.000635831976516 
0.004996761051719 0.132705437033852 0.002054293334948 0.001046814677493 0.000242748806810 0.032639784014509 0.811205905585531 0.000713860233555 0.014394395261585 
0.000168925634708 0.148327595063998 0.002338639401214 0.000070588594946 0.000012892536613 0.000149625961028 0.001834350206303 0.003729459465683 0.843367923135506 
0.000738661875297 0.994305987393239 0.000018265248633 0.000005654605086 0.000492655562000 0.000009374659701 0.000012148434001 0.000001779086931 0.004415473135112 
0.000001151027699 0.000006271434991 0.000009396198519 0.000016955041014 0.000128148172821 0.087854313625865 0.000151894195249 0.911817550332009 0.000014319971833 
0.026384870802035 0.049774000540522 0.046667909708686 0.044113077048199 0.144467673569181 0.064339501263363 0.608055262558188 0.009676456499807 0.006521248010019 
0.097310541539674 0.142154902243738 0.005358731699826 0.001166802759374 0.004129462791918 0.728186592632425 0.010832927342802 0.009338963986912 0.001521075003331 
0.272467713105070 0.001496546504093 0.711026800414506 0.002322026098938 0.000228371891232 0.006959811029650 0.000379617968910 0.003463054915461 0.001656058072140 
0.002598136995200 0.013262926315880 0.004573252451229 0.010727576272779 0.001095778037933 0.064150677223597 0.794024762574164 0.076727075237999 0.032839814891219 
0.000080698512322 0.000012904294210 0.849964735907798 0.001108287311874 0.000012570717992 0.143666531623053 0.003858211991246 0.000868569964625 0.000427489676881 
0.000000000298551 0.000000063775924 0.000000000013881 0.000000000153267 0.000000001424008 0.000000001032389 0.000000006402482 0.999999919723450 0.000000007176048 
0.000066385060259 0.000114584327320 0.000214888445444 0.000065839570639 0.999514594954768 0.000005781799897 0.000002984806842 0.000010242902586 0.000004698132245 
0.000123509454188 0.000002766432835 0.000031281244643 0.000014867664772 0.000413392582851 0.000556668942616 0.000148502783959 0.998698994344332 0.000010016549802 
0.000231679268167 0.000001611378382 0.000010668547753 0.000020571157028 0.000033621977667 0.000522868474885 0.000189937097277 0.998949944113090 0.000039097985752 
0.000000015070582 0.999998826429964 0.000000230436345 0.000000039647768 0.000000152314074 0.000000036956615 0.000000142748546 0.000000043910991 0.000000512485113 
0.000003971860568 0.000772772457173 0.365969268115021 0.002224255744877 0.001685538947779 0.616198630074637 0.002058042653655 0.010346428244243 0.000741091902046 
0.000134719837488 0.000168614213348 0.000001218293786 0.000024048709695 0.000019780989381 0.005532921992440 0.000365193132653 0.993750396751634 0.000003106079575 
0.000171746735864 0.009062052564587 0.178842520841362 0.561300070067230 0.100841063308821 0.041526619144429 0.067868339652888 0.040361430839548 0.000026156845273 
0.000000020391637 0.000000283778743 0.000000172914086 0.000000194765225 0.000002439735375 0.001021757620160 0.097822469621601 0.901152321316201 0.000000339856972 
0.000000000000000 0.000000000000000 0.000000000000000 1.000000000000000 0.000000000000000 0.000000000000000 0.000000000000000 0.000000000000000 0.000000000000000 
0.000017226869279 0.000001864344156 0.999888780491913 0.000000084532376 0.000000501124519 0.000000468031037 0.000009830259497 0.000000279965004 0.000080964382219 
0.000023586731610 0.999261049217688 0.000118969996851 0.000003011719970 0.000001253677628 0.000000947537594 0.000378884471480 0.000000579465782 0.000211717181397 
0.000432297580455 0.000149010980036 0.000023970506882 0.000001214769315 0.000000874987389 0.980692461747373 0.000003648529445 0.000001468415891 0.018695052483212 
0.000000055765366 0.000081142568277 0.000000066960506 0.000000011723003 0.000000014390280 0.000000001717025 0.000001326855304 0.999917155166534 0.000000224853705 
0.036011777631900 0.000321073901822 0.104950209388803 0.000498269612145 0.000020080944295 0.000133788650586 0.856432958912663 0.000008250479504 0.001623590478282 
0.049908762157175 0.554877562707516 0.000300934538388 0.010029366923380 0.049894395492731 0.235583986788028 0.007280703423695 0.060023759870347 0.032100528098739 
0.000118129178672 0.001406283601677 0.001703533257912 0.004545017060060 0.004738802568963 0.000231919136234 0.981216846197265 0.005183821269964 0.000855647729253 
0.001047393278711 0.000002651405203 0.000012683345624 0.000515119938947 0.000243419614973 0.000190808968897 0.002951650441867 0.995011689892264 0.000024583113514 
0.000000040585630 0.000001654665343 0.999508341649457 0.000002300919392 0.000474631530960 0.000003823647380 0.000005867577041 0.000003317955496 0.000000021469301 
0.001309226801037 0.000405026304235 0.002023435349014 0.001104968397202 0.003570289677811 0.158413188198554 0.014542650340284 0.818069040592754 0.000562174339109 
0.000000000015715 0.000000000000111 0.000000000000112 0.000000000056546 0.000000000009271 0.000000006284811 0.000000000021639 0.999999993611794 0.000000000000001 
0.000573758041863 0.131681022062558 0.017334235880960 0.019909908026704 0.039918492935467 0.042463016564821 0.005561358976403 0.511154809642578 0.231403397868647 
0.000000000398811 0.045286599799146 0.000000007716661 0.000000000318976 0.954713388378168 0.000000000160117 0.000000000708675 0.000000000106685 0.000000002412761 
0.000000001787153 0.000000001400128 0.000000000087358 0.000000010714669 0.000000068455626 0.000141974640857 0.000000034532598 0.999857908271142 0.000000000110471 
0.050690613141178 0.091055093674105 0.000733487112306 0.006122219831425 0.004315118335215 0.000900580924977 0.102312796008896 0.743779595480804 0.000090495491093 
0.000503796427557 0.000351557145064 0.000333449781197 0.166318894036881 0.822745562176051 0.000007317599031 0.000908439482346 0.008466244263023 0.000364739088848 
0.000000000000000 0.000000000047984 0.000000000000000 0.000000000000000 0.999999999951997 0.000000000000012 0.000000000000000 0.000000000000007 0.000000000000000 
0.015362007122916 0.471155124535479 0.050584979846416 0.011500234094983 0.006462507441011 0.040134944600251 0.013476634272342 0.380797368045271 0.010526200041330 
0.000256612465315 0.336841249892970 0.006551707815142 0.000145928537074 0.003768856918333 0.174210049257150 0.465071776061885 0.009961550685547 0.003192268366584 
0.000000000001124 0.999968415960115 0.000000005319526 0.000031572262730 0.000000006453446 0.000000000000009 0.000000000000259 0.000000000000000 0.000000000002791 
0.002139286765484 0.645085254979816 0.000572789202627 0.140095241301502 0.147155887831322 0.000427886410918 0.001675501437796 0.030028696856277 0.032819455214259 
0.999999999999689 0.000000000000076 0.000000000000014 0.000000000000009 0.000000000000000 0.000000000000001 0.000000000000000 0.000000000000000 0.000000000000211 
0.000000000672829 0.000000463120171 0.000000309511909 0.000116080195264 0.000000033274674 0.711038097781136 0.009106295720624 0.279738716386210 0.000000003337181 
0.000041709931180 0.001698480417507 0.086985721045049 0.419433075522702 0.000209107664035 0.000085441271616 0.337904725748780 0.000245559494562 0.153396178904569 
0.000049846827227 0.012448007488374 0.000044379375599 0.237239355191531 0.033611543651037 0.000051632682202 0.006056811878616 0.007004267239810 0.703494155665603 
0.999999999612093 0.000000000000040 0.000000000000022 0.000000000000014 0.000000000000006 0.000000000000486 0.000000000000000 0.000000000386728 0.000000000000611 
0.001994580033153 0.004809357592203 0.000856683721566 0.734274927039445 0.084199039892694 0.002495186606232 0.022683890852383 0.031084631046938 0.117601703215386 
0.000000000088198 0.000000154849034 0.000000000056557 0.000000001299975 0.000000008964790 0.000000895394735 0.999998828677267 0.000000043790402 0.000000066879043 
0.000464602696905 0.000766506075914 0.000471478086620 0.022880301551578 0.000106033239496 0.156123497722647 0.198481787666405 0.614406859379974 0.006298933580461 
0.002818258061382 0.000008075818808 0.000005103794406 0.970216250548123 0.000013322099387 0.000548514252753 0.010045743227841 0.016342335086294 0.000002397111005 
0.002077415963402 0.041203577952815 0.001238097709090 0.000098618648352 0.000019343962883 0.944168924989216 0.003515061762035 0.000122255164771 0.007556703847435 
0.014842391182378 0.002189338307866 0.025052793935108 0.003444536510502 0.003135690345195 0.022288622704429 0.760198326871481 0.104442779375055 0.064405520767988 
0.013976938488072 0.039334567819785 0.012952887296511 0.029558304028100 0.041363494668658 0.190486765660263 0.090312937316497 0.462496375679822 0.119517729042292 
0.000179966639016 0.000555696062673 0.004964736457021 0.008603535435483 0.003935690000022 0.010450195808924 0.084047004181640 0.836499745289528 0.050763430125694 
0.000435163339323 0.016268426003965 0.002392208922183 0.000207429485563 0.008584576598023 0.000501248232939 0.000135481005991 0.969951600949275 0.001523865462738 
0.000684743391113 0.000073431364717 0.000150716585588 0.000358938533002 0.000031696972024 0.023737495286764 0.209808640081708 0.765145397288299 0.000008940496786 
0.001393825678797 0.001300634540477 0.002452314453281 0.041273566281413 0.002829619508834 0.001286959234698 0.002334207080677 0.924896882981660 0.022231990240164 
0.001384671235004 0.000378043026172 0.039434171446342 0.000108761565637 0.000312447987397 0.006301840515273 0.001279158878826 0.949516337010127 0.001284568335220 
0.000001935333487 0.000087494825660 0.595561332826895 0.000985953956554 0.066119544062578 0.000509423480703 0.093754941924615 0.242942399785715 0.000036973803793 
0.000000148226983 0.999988928271821 0.000000019686335 0.000006460711727 0.000000026178403 0.000000022482445 0.000000162408500 0.000001690317678 0.000002541716109 
0.017521467845878 0.016375181462777 0.010568594952200 0.145765893144120 0.200835640210534 0.042972692815291 0.026120537000017 0.522192797288251 0.017647195280932 
0.000262898715617 0.000008513804000 0.001022728000342 0.871480567803624 0.066473512982071 0.000016442161289 0.006609206275456 0.053512943932248 0.000613186325352 
0.000001930695013 0.000003458448397 0.000093115443215 0.989653388556979 0.000103297177068 0.000009516908401 0.001118741921143 0.000158783247392 0.008857767602392 
0.000198981310539 0.000071879485449 0.996207555011446 0.000277958800599 0.000512817947194 0.000011508212414 0.001903083802594 0.000030536750828 0.000785678678938 
0.047682868180555 0.050732573302042 0.083535456940343 0.057046468681966 0.085071678341624 0.005467629593165 0.063770083884019 0.000502206030454 0.606191035045832 
0.000217053553918 0.000461648655272 0.848397127040829 0.036359911538020 0.008580522734051 0.014908471916356 0.020218415274437 0.004212594953685 0.066644254333432 
0.962197175602317 0.000052152111671 0.000007415071906 0.000014237860841 0.000069201647690 0.002230530375871 0.000310299100577 0.000313697979055 0.034805290250072 
0.000001177804209 0.000075765410691 0.000053267791697 0.068524173867312 0.001090783871764 0.001002387431572 0.000226141716106 0.929025870567970 0.000000431538679 
0.000000000000446 0.000000000222299 0.000000000356207 0.999999966702275 0.000000009649497 0.000000000001919 0.000000000313435 0.000000022752973 0.000000000000950 
0.000000000000047 0.000000000000019 0.000000000000001 0.000000000000000 0.000000000000000 0.000000000000191 0.000000000000000 0.000000000000003 0.999999999999739 
0.000138657840948 0.000378296894516 0.000667867180750 0.091701986638735 0.064833603635857 0.000106050916440 0.005805704934791 0.812612237863322 0.023755594094642 
0.001870351566738 0.015871759799042 0.006885532125161 0.002666392450866 0.606786146504393 0.005631745427771 0.002233581647060 0.097365936037100 0.260688554441868 
0.000304142919423 0.989720363016528 0.001417851136985 0.000032521054834 0.003137064348124 0.002169685967472 0.000296135677907 0.002602390489423 0.000319845389304 
0.000000670638285 0.000008786835576 0.926217756425848 0.073732919259011 0.000003746022626 0.000005303434577 0.000017374170410 0.000004731795099 0.000008711418567 
0.000000000000000 0.000000000000001 0.000000000000000 0.000000000000000 0.999999999999999 0.000000000000000 0.000000000000000 0.000000000000000 0.000000000000000 
0.000031106630434 0.000091911025384 0.001945921638009 0.000061479328336 0.000004073819428 0.000325356008540 0.996327197033928 0.000001749536671 0.001211204979270 
0.004768824392435 0.002816953032610 0.002798651841119 0.008581526538508 0.001316896478853 0.005538768124945 0.000284536942257 0.973782347275980 0.000111495373292 
0.000010070658159 0.000057965387375 0.044818490293503 0.000024400071510 0.000126871664909 0.539909095670890 0.411537762585674 0.003422241631047 0.000093102036933 
0.017353861029036 0.000485685015882 0.002252716946089 0.005228900462360 0.000045026909427 0.000981576839340 0.953314652173514 0.020227337262968 0.000110243361384 
0.999756948950654 0.000225406959505 0.000014777525471 0.000000990795104 0.000000000571011 0.000000202508681 0.000000001531845 0.000000040815126 0.000001630342601 
0.000007259610892 0.000002626405631 0.222952992266637 0.775572101285758 0.000172101123471 0.000004809226360 0.001152981218869 0.000066494300100 0.000068634562282 
0.194750798672336 0.003979558111041 0.021903332315136 0.078691078312891 0.027350827538399 0.070584444386682 0.040332427006209 0.522847997337299 0.039559536320006 
0.000000000000000 0.000000000000000 0.000000000000000 0.000000000000000 1.000000000000000 0.000000000000000 0.000000000000000 0.000000000000000 0.000000000000000 
0.000693885085809 0.000016238360324 0.006074751514372 0.002070683788640 0.011935308232697 0.000421346849228 0.013984101615004 0.964761659062856 0.000042025491069 
0.001504320042628 0.000173669883539 0.211765810619884 0.032667052370420 0.004547196990982 0.331998681389589 0.273313912487394 0.139078844257072 0.004950511958492 
0.036311234218749 0.024850830586823 0.377742662220198 0.002894357569398 0.032363174147782 0.201861773991908 0.034570999850335 0.280477406926195 0.008927560488612 
