0.000140000243109 0.000005374089472 0.000002688636423 0.000000485801176 0.000083530694165 0.000003673019806 0.000003690877221 0.973101973728302 0.000001556802688 0.000008922544458 0.001993773112809 0.024647830393279 0.000005670975558 0.000000566014354 0.000000263067180 
0.092520640169175 0.449111756018845 0.088286901576644 0.006119825338102 0.000234953362164 0.074737483735931 0.003897197700739 0.067451023489837 0.000303243779724 0.000289428137234 0.016636910591563 0.083840967185357 0.000674874694305 0.000677281529842 0.115217512690538 
0.000467231833376 0.004279919866836 0.000019139410108 0.000026326856180 0.000120741701520 0.000014992792201 0.000021811766365 0.000218060285969 0.000261584290376 0.000046206919782 0.992388125904719 0.000609086056555 0.001065169867792 0.000126365508123 0.000335236940100 
0.000041134625549 0.001837204198283 0.000031011876301 0.000979909516796 0.000056549719232 0.000044822499647 0.000882060138217 0.583517801043878 0.000007341992309 0.001821890974386 0.000014516126990 0.000051834203863 0.404545800940960 0.000350189640449 0.005817932503139 
0.001212082248034 0.003189390225865 0.010964357084853 0.000860139878758 0.002298389698768 0.050628251309323 0.001756789062945 0.076508339407854 0.000509039199187 0.001330945706084 0.298652218255060 0.524224352732290 0.000402777792192 0.000078904244768 0.027384023154020 
0.235252904225860 0.046704061161365 0.008550460350508 0.000847869220378 0.052879784679450 0.000816434266423 0.000521701926442 0.013564432690370 0.433205028847458 0.000240874584711 0.002098045346011 0.000036341356949 0.198746694840718 0.006208380815261 0.000326985688095 
0.902987635712693 0.000355207505005 0.000036496053806 0.000222984918661 0.000018398775985 0.000015573552763 0.000025923350853 0.001243171605930 0.005468579321576 0.001876763706700 0.021070392602056 0.003332320342427 0.005155730739008 0.000243818266864 0.057947003545674 
0.005876395061900 0.006172630530924 0.001432643141949 0.001956018616463 0.002253458369311 0.001806608063692 0.002606163168029 0.036140029057379 0.116642195293475 0.000348910823037 0.035990358717554 0.001765336085878 0.449668699905093 0.002929448233801 0.334411104931515 
0.000021371768097 0.000232109397907 0.000083893891443 0.000005509483076 0.000044503631974 0.001500300654336 0.000013788719126 0.005664425766739 0.000014272873864 0.000027210714284 0.721062287690431 0.270468468560368 0.000008900974839 0.000001684638167 0.000851271235348 
0.000000424933569 0.000651584813909 0.902774041877461 0.000240304668561 0.000014560852190 0.000003856837590 0.000000643584190 0.012261843565892 0.000000217287823 0.084046674356105 0.000000231790246 0.000000257665659 0.000002907075435 0.000002072918610 0.000000377772760 
0.000145365352076 0.000446414209940 0.000005460810614 0.000009214029267 0.000007554226764 0.000044135844063 0.000052053875152 0.047107958822980 0.000047658845269 0.000002130863385 0.006338879158124 0.945479270879269 0.000145428018046 0.000062438260896 0.000106036804155 
0.003258495236038 0.009498591313085 0.002183878675390 0.002531435428209 0.000096274047273 0.000137548802824 0.000236091344655 0.736937809102222 0.091528784250020 0.003347318256422 0.007757347857042 0.000086161098626 0.095776131510890 0.000388373996459 0.046235759080846 
0.039251360708797 0.132468662943506 0.100301044770328 0.126894509999290 0.052491492632287 0.002885609409265 0.003006739025860 0.038274126184981 0.265346391820082 0.049365021735619 0.010935606441722 0.001579875602537 0.081243117616821 0.064652715754616 0.031303725354291 
0.000000000000000 0.000000000000001 0.000000000000000 0.000000000000000 0.000000000000000 0.000000000000000 0.000000000000000 0.000000000000009 0.000000000000000 0.000000000000000 0.999999999999925 0.000000000000065 0.000000000000000 0.000000000000000 0.000000000000000 
0.000000000000000 0.000000000000000 0.000000000000000 0.000000000000000 0.000000000000000 0.000000000000026 0.000000000000000 0.999999999999974 0.000000000000000 0.000000000000000 0.000000000000000 0.000000000000000 0.000000000000000 0.000000000000000 0.000000000000000 
0.011511742178708 0.003349196858830 0.001287012412978 0.000815321775955 0.736705024143415 0.103753466796764 0.001999244928372 0.000495735665617 0.000024808909742 0.120537098083396 0.000332351403170 0.000784042205497 0.016252188448487 0.001745839577983 0.000406926611087 
0.000001587453597 0.000459736831831 0.313602400176973 0.012531505860232 0.000063486115031 0.000050673911954 0.047593487853256 0.406553666861196 0.000098368558057 0.000287042767706 0.003236284595662 0.001911334983349 0.000007076583403 0.000013848836489 0.213589498611264 
0.002175010599373 0.007101887102411 0.003269377297262 0.273000475735286 0.002109716414625 0.000881071532042 0.494780157574588 0.000960936967978 0.004514464331249 0.005481509601793 0.142160050318556 0.030812286963131 0.015376994637579 0.002409348882598 0.014966712041530 
0.000078169366468 0.000027191592810 0.656677190233644 0.002157246324622 0.002569708732102 0.000158327842791 0.000131793702165 0.012560695813531 0.000405544998439 0.287160863481008 0.000033185991286 0.000077181349237 0.000201109158479 0.000011146525530 0.037750644887890 
0.000318001427361 0.002446578682169 0.430028115891971 0.000138167383121 0.000328680406993 0.002994330275421 0.000010934532180 0.557537960916010 0.000329292321454 0.000673716144310 0.001223032698125 0.000769744676830 0.000003990696876 0.000029675324374 0.003167778622805 
0.000002022500490 0.000002549008888 0.989093961239573 0.000029339056432 0.000006777949431 0.000492116074477 0.000006506519098 0.000902478270042 0.000009817186875 0.009370620662824 0.000002052409795 0.000003042545840 0.000004498052892 0.000001048661524 0.000073169861819 
0.000002414038440 0.000034030733616 0.000000007609362 0.000002216712065 0.000001634472049 0.000000001169129 0.987502242051904 0.000001735483842 0.000019339972076 0.000000009326216 0.000012343307905 0.012416283134764 0.000003670408802 0.000000014071610 0.000004057508220 
0.000015745811059 0.000000468862545 0.000013555662618 0.000002969921036 0.000000137715456 0.000000089983799 0.000001053348740 0.000043001042750 0.998884430157603 0.000001142083659 0.000026247594990 0.000006337246483 0.000973233823668 0.000000222318190 0.000031364427401 
0.015097890922880 0.005901846630044 0.016022389055593 0.002716409740557 0.008417552087912 0.003583700981332 0.000243087227313 0.016041146221591 0.034958619432276 0.002617231448649 0.864589700816974 0.023376355436554 0.002030039112449 0.000761804787945 0.003642226097930 
0.000218919501253 0.002627936162584 0.000024458898293 0.792671438923199 0.021808914518441 0.000010461628010 0.000718273264635 0.036606243345614 0.000294710667836 0.001077425941744 0.000024041802548 0.000531321387699 0.071913126136503 0.071244584487933 0.000228143333710 
0.000000000000000 0.000000000001335 0.000000000000000 0.999999999998643 0.000000000000000 0.000000000000018 0.000000000000000 0.000000000000000 0.000000000000000 0.000000000000000 0.000000000000000 0.000000000000000 0.000000000000000 0.000000000000004 0.000000000000000 
0.000000000000000 0.000000000000000 0.000000000000000 0.000000000000000 0.000000000000000 0.000000000000000 0.999999999999997 0.000000000000000 0.000000000000000 0.000000000000000 0.000000000000000 0.000000000000000 0.000000000000000 0.000000000000000 0.000000000000002 
1.000000000000000 0.000000000000000 0.000000000000000 0.000000000000000 0.000000000000000 0.000000000000000 0.000000000000000 0.000000000000000 0.000000000000000 0.000000000000000 0.000000000000000 0.000000000000000 0.000000000000000 0.000000000000000 0.000000000000000 
0.999999994007647 0.000000000000028 0.000000000001606 0.000000000000575 0.000000005989248 0.000000000000001 0.000000000000000 0.000000000000363 0.000000000000292 0.000000000000038 0.000000000000020 0.000000000000000 0.000000000000003 0.000000000000000 0.000000000000177 
0.000034832735437 0.000005591080824 0.000039934380443 0.000002039047156 0.000147339230424 0.015744913159858 0.000019530407658 0.982978589490378 0.000006511908764 0.000087937612845 0.000844667127767 0.000065175629482 0.000016217041246 0.000003350912236 0.000003370235483 
0.008414059219856 0.004833950408803 0.000037324699869 0.000003140648485 0.000048881954629 0.000000621318965 0.000090510123142 0.984657655996464 0.000000303837975 0.000127380835289 0.000144310655015 0.000007312383658 0.000003313812378 0.001540988391780 0.000090245713693 
0.000000053618127 0.000000001863446 0.000018609680877 0.000000021426858 0.120434573095793 0.000000000899116 0.000000000907463 0.000000000825247 0.000000001709784 0.879546684602325 0.000000000731072 0.000000000366421 0.000000001867326 0.000000000949231 0.000000047456913 
0.001223173423939 0.138194021237261 0.000037276158043 0.000058502935222 0.000059489268070 0.000001500493311 0.000003210619560 0.000147986481401 0.766319089346867 0.000000661711200 0.093355860579377 0.000049534972126 0.000274032833009 0.000255301941171 0.000020357999444 
0.000006538547089 0.000126142848511 0.009752753975368 0.000000777683992 0.000288384593423 0.000000460913441 0.000001807590934 0.000155493663737 0.000018314168278 0.000146703711259 0.986476697838224 0.000003942972905 0.000027048024822 0.000000096773216 0.002994836694801 
0.003226607492046 0.013457011525265 0.000872310599166 0.000284355595619 0.000230884030546 0.001705099169904 0.007923573259511 0.186261252810727 0.000714852017107 0.000845066694118 0.027359129431126 0.039528039198627 0.050873912784761 0.000857349413202 0.665860555978276 
0.021244715411847 0.288342260178602 0.006628921875589 0.000525785564164 0.008921661338330 0.001041412722023 0.000861826054109 0.101082617543098 0.000029167452784 0.001870467085354 0.538462673198057 0.002966569331549 0.012426610458399 0.006519750953816 0.009075560832279 
0.000012872894207 0.000028827156488 0.000826734725603 0.000001642474386 0.000150769755703 0.000000195331703 0.000002639881095 0.000206998982224 0.997905514997152 0.000040216182986 0.000272150133784 0.000000778858320 0.000542297029621 0.000003567602767 0.000004793993962 
0.015887885418389 0.001262036764267 0.411248187774822 0.046275695841654 0.014866745833147 0.004444520083602 0.003041989966303 0.462884191034233 0.000304680039280 0.022401477028138 0.006163235575706 0.000135002348479 0.010979060803964 0.000037477928053 0.000067813559964 
0.000164985187930 0.000279758910895 0.000010544682451 0.003757472112395 0.000030186406276 0.000074144189179 0.955673589112153 0.003725557185950 0.000001966158619 0.000022202873107 0.015427265342619 0.019432295933475 0.000090706743127 0.000777218639225 0.000532106522600 
0.020965312572654 0.177376268997123 0.040484828126737 0.014908258032214 0.018574437170584 0.001750678259620 0.029123933400477 0.302443139065961 0.016117059217704 0.006486306677571 0.024641336783540 0.323692272997811 0.001449506697275 0.014808069812499 0.007178592188230 
0.000048976526256 0.001910729007090 0.000004814538177 0.000024909023499 0.000005313018489 0.000023118661010 0.000034779917168 0.000097802938962 0.000004585504477 0.000015595152477 0.000197502872260 0.000157314994120 0.976627048986392 0.000063064318068 0.020784444541556 
0.000000009643363 0.000004856629383 0.000000100635989 0.000000361567568 0.000001309936489 0.000000107481628 0.000000026233047 0.000003764649094 0.000000212993135 0.000000003588700 0.008508106166708 0.991480594310726 0.000000020821163 0.000000301539173 0.000000223803835 
0.000004171837804 0.000150693302075 0.000001955481900 0.000060860761653 0.000003757435434 0.000000340104165 0.992524185217843 0.000269939175913 0.000000107216691 0.000005713242119 0.000789063389527 0.000982663418549 0.000004370496679 0.000047466237044 0.005154712682603 
0.000000000408927 0.000000197695271 0.000000026997434 0.000000160977614 0.000000018473399 0.000000053935658 0.000001441906982 0.000003020240700 0.000000008798329 0.000000006803804 0.000352667797497 0.999576062180882 0.000000019167225 0.000000002904473 0.000066311711807 
0.000000032770759 0.000000000115155 0.000000219364477 0.000000000045601 0.000000003799710 0.000000354608592 0.000000000538291 0.999998787608924 0.000000020430685 0.000000078066000 0.000000004739941 0.000000007235979 0.000000478709827 0.000000002327220 0.000000009638839 
0.000000000000058 0.000000000000000 0.000000000000006 0.000000000000158 0.999999999903540 0.000000000000000 0.000000000000000 0.000000000000001 0.000000000000001 0.000000000096235 0.000000000000000 0.000000000000000 0.000000000000000 0.000000000000000 0.000000000000000 
0.000000002615658 0.000000000018463 0.000000016202827 0.000000012258575 0.000000000000426 0.000000000035795 0.000000000008865 0.000000000341858 0.999999868706719 0.000000000074264 0.000000000007806 0.000000000000900 0.000000099698009 0.000000000000621 0.000000000029215 
0.037630399791104 0.062365499435673 0.015066778622121 0.000027254196460 0.068235996178508 0.000088249453909 0.000031391511055 0.218191306084813 0.309417726242696 0.000439231894808 0.275592197784797 0.000595045282562 0.002281899542579 0.007977939968417 0.002059084010496 
0.052110430056579 0.001610452381374 0.000822624962121 0.021031369771268 0.005312582277967 0.002069274622079 0.111844008782312 0.198237364192134 0.008327332041533 0.000142045922148 0.041165277494099 0.068288755683876 0.005385655454374 0.000015586270035 0.483637240088101 
0.000016803161521 0.980425612175191 0.000009039022649 0.000000083172547 0.000008354364146 0.000000045416584 0.000000105343594 0.000545259623433 0.000003068267452 0.000000307006013 0.001317382450107 0.017672623998815 0.000000175775451 0.000001001042598 0.000000139179899 
0.004903510432397 0.005396881913595 0.033718658990871 0.000039820690634 0.000617483064596 0.000245517110752 0.000107449035026 0.748492634443811 0.000116042516136 0.000181518330368 0.009429295291724 0.162015395292827 0.022285168408166 0.000048207597946 0.012402416881152 
0.001535626672394 0.000215108130087 0.007079303685454 0.001782226728140 0.000247457990522 0.000076444182374 0.000171585353756 0.004190481121002 0.963926988196431 0.000007132136453 0.007364679654819 0.000784522954936 0.009653451823972 0.002138014411781 0.000826976957881 
0.000000000000000 1.000000000000000 0.000000000000000 0.000000000000000 0.000000000000000 0.000000000000000 0.000000000000000 0.000000000000000 0.000000000000000 0.000000000000000 0.000000000000000 0.000000000000000 0.000000000000000 0.000000000000000 0.000000000000000 
0.000000001004196 0.579077533485953 0.003304834438871 0.000000113211408 0.000000158120110 0.000000002144480 0.000000002877917 0.417605153776088 0.000000000545860 0.000011644706009 0.000000021949776 0.000000013868456 0.000000008106344 0.000000502063164 0.000000009701368 
0.000539485253111 0.004619309204040 0.063127732322710 0.014790279448690 0.003366542222826 0.000069923756106 0.048362763622400 0.000329845858526 0.000017212837126 0.741926492077539 0.006805337093177 0.000096740820607 0.108018247477667 0.000033970600180 0.007896117405295 
0.915574300685615 0.000368676954445 0.037425471150102 0.000007369108963 0.000526360741698 0.000323026317551 0.000045965761236 0.028399499432838 0.000121093963053 0.003511037294817 0.011940566106050 0.000022432185907 0.001522400734418 0.000001368775847 0.000210430787460 
0.000002414432453 0.000468611585901 0.000008189593396 0.000001426857181 0.000005529869686 0.000008904744729 0.000001609501092 0.000148336634791 0.000000933592016 0.000002836339324 0.990499113648496 0.008602208488547 0.000002015977623 0.000000216805260 0.000247651929506 
0.020688925888130 0.031133878772359 0.031474244481204 0.266177286098348 0.012791598341809 0.008662510493343 0.015327990107918 0.111643702847603 0.017474673006458 0.001866476774343 0.012688366827760 0.402829169827664 0.048749287203389 0.010058585776050 0.008433303553622 
0.000010538559252 0.000057669350225 0.000005994790490 0.000002675405186 0.000071105581828 0.554654591011475 0.000010232519555 0.000025631212329 0.000003162746642 0.000002900203307 0.000020783031083 0.000014595756568 0.441450352328226 0.000005473951992 0.003664293551841 
0.000000000000000 0.000000000000294 0.000000000000000 0.000000000000000 0.000000000000000 0.000000000000000 0.000000000000000 0.000000000000002 0.000000000000000 0.000000000000000 0.999999999999704 0.000000000000000 0.000000000000000 0.000000000000000 0.000000000000000 
0.000019665003233 0.000288596803472 0.000025046662129 0.145907854852874 0.004142565539002 0.110165666434209 0.000135874351179 0.000504192717158 0.000159494680456 0.010402907051980 0.000025225378480 0.000009666831282 0.601312815806435 0.064512905645663 0.062387522242446 
0.000000649931100 0.000361814293354 0.000000770659281 0.000001485722340 0.000000624372008 0.000001155647830 0.000001691576744 0.000005954832522 0.000000028312867 0.000006184134609 0.000017394882929 0.000000564384839 0.996775729607314 0.000002173374608 0.002823778267656 
0.992266438110661 0.000016589615661 0.000007848535368 0.000001396133928 0.000072584393780 0.000001572390286 0.000001848245733 0.004010603216367 0.000239667354021 0.000420601965780 0.000349515160008 0.000180235609567 0.000571318551143 0.000005083128594 0.001854697589103 
0.015247379969110 0.011963468118958 0.000822310418602 0.000061067081824 0.000353354909774 0.000818322048930 0.001026915534821 0.023850082656005 0.000077425250556 0.000141571227072 0.001945863199501 0.000569684649916 0.863011212087287 0.000993558518853 0.079117784328789 
0.005867536855747 0.177725803006939 0.278306195452447 0.000992996569189 0.023809696890199 0.000402472676082 0.000972011085317 0.061880922288414 0.025543961036444 0.062872692633005 0.016135388931711 0.001059176723128 0.290848330439687 0.001062401519574 0.052520413892115 
0.000000252672428 0.000002433103542 0.000000618306259 0.000010657124335 0.000000494661603 0.000002196329637 0.000010892545108 0.000015099907533 0.000000030440194 0.000049224359864 0.000000011219058 0.000000021392361 0.999898067392086 0.000003361232157 0.000006639313836 
0.002448279861102 0.001763401087649 0.000494247132070 0.000186126334231 0.006873410250081 0.099359082144022 0.007715492962946 0.001157866839175 0.000055829681777 0.000931495779758 0.000964878956163 0.002505179254005 0.871355792191957 0.001849429809425 0.002339487715639 
0.000056979664175 0.000131806433744 0.000282832948487 0.000048649641290 0.104141354725006 0.000551085756692 0.000034907246206 0.890443057560983 0.000300653498936 0.000795507626928 0.001404482849444 0.001608656174664 0.000028802276678 0.000110065367063 0.000061158229704 
0.001941789373266 0.000697795572855 0.002798685675354 0.000821335919154 0.000060795464205 0.000359557886727 0.000031165296506 0.001078895578400 0.000230913962470 0.006119864191328 0.001392631197085 0.000081812920569 0.957436983506210 0.000190137060719 0.026757636395154 
0.000190948567917 0.999293805370740 0.000061764212679 0.000001163571453 0.000007754723285 0.000000008192748 0.000038970272577 0.000198894416558 0.000000182437818 0.000032442234694 0.000135789258473 0.000002736949869 0.000001634920393 0.000000177148682 0.000033727722114 
0.987026942655430 0.002278135480240 0.000012446414825 0.000047897945668 0.000548585208332 0.000003922238809 0.000012965897165 0.001199874942265 0.000094965590010 0.000007731265914 0.001383459624995 0.000066973807865 0.000354996033284 0.000932186233025 0.006028916662172 
0.002012121177949 0.024772012261081 0.003572067207879 0.741543984455825 0.000018761928879 0.004664004799187 0.000025671200412 0.000756964046062 0.140906208067936 0.000011950340325 0.000828473422269 0.000161110385941 0.002751608027428 0.077454020624477 0.000521042054349 
0.000231278409411 0.000200197067787 0.000206541677548 0.000298859098652 0.380203616220087 0.000382348394464 0.582731738915047 0.004043242387999 0.000053672041332 0.012011168693270 0.002556637558315 0.008545945341240 0.000481929202438 0.001430033601248 0.006622791391163 
0.000000272434892 0.000021006131636 0.000001121776263 0.000001163532897 0.000000282116373 0.000000023678789 0.000000259498172 0.000002267009082 0.000000404296960 0.000000401468734 0.000006364237174 0.000000064477070 0.999354028553337 0.000000113023940 0.000612227764681 
0.000000105819446 0.000000784381887 0.000000316325676 0.000000064845940 0.000000073885330 0.000000358509910 0.000000585630066 0.000005857008766 0.000000144144217 0.000000170329416 0.000016399962100 0.999968466372404 0.000000260985357 0.000000045304860 0.000006366494625 
0.000281585000847 0.000135958590646 0.997886038432425 0.000017468239719 0.000406797028195 0.000001064893036 0.000016472698248 0.000194572600123 0.000226665272518 0.000603981977447 0.000195812458902 0.000006870757477 0.000019932555680 0.000000635504796 0.000006143989942 
0.000012229324704 0.000014040790941 0.000325792518307 0.000006918968735 0.419033744658022 0.000379247388345 0.000022738891305 0.566944521270046 0.000189657105124 0.003349199804098 0.000256540034368 0.009383205598308 0.000031450558201 0.000022523669450 0.000028189420045 
0.000000000000211 0.000000000000456 0.999994746489490 0.000003493504211 0.000000000000916 0.000001759985032 0.000000000000024 0.000000000000104 0.000000000000233 0.000000000018703 0.000000000000001 0.000000000000013 0.000000000000070 0.000000000000002 0.000000000000533 
0.000002899199070 0.000915723548495 0.166133093832761 0.006758623446791 0.000070684373016 0.020119696028450 0.000067622753467 0.802674468164559 0.000770077774945 0.000357639864920 0.000166803173608 0.000009604526677 0.001927973087234 0.000009528187552 0.000015562038453 
0.000000002162169 0.000000000025739 0.000000010334646 0.000000000062097 0.999832081103115 0.000000000000823 0.000000000058117 0.000003176349638 0.000000000005084 0.000164587546296 0.000000136399476 0.000000000425278 0.000000000002563 0.000000000006261 0.000000005518698 
0.000116658698934 0.001974800320399 0.001163937076253 0.000156253950052 0.000404491033196 0.002530703404639 0.000103845328756 0.021466150296593 0.000030093300392 0.000255293169382 0.561665956455338 0.405636439673815 0.000031185478963 0.000009012590720 0.004455179222568 
0.000000000001726 0.000000000001517 0.000000000000000 0.000000000000406 0.000000000004797 0.000000000000246 0.000000000001792 0.000000000000128 0.000000000000051 0.000000000041645 0.000000000000066 0.000000000000001 0.999999997938492 0.000000000025447 0.000000001983684 
0.000258303869892 0.000071660356171 0.869834012456848 0.000007545245895 0.000060220792446 0.011563370692822 0.000183421114650 0.117208265941427 0.000169809238776 0.000407908825348 0.000069895249262 0.000007200479940 0.000106331086324 0.000003340590815 0.000048714059384 
0.000056141547187 0.000091656196273 0.008660806529877 0.000210717659336 0.000012527837021 0.000034636849507 0.000014681719229 0.001827370139497 0.172410429272158 0.000010816287825 0.000004316665072 0.000000162305183 0.811543387247193 0.005092087432034 0.000030262312607 
0.000066094242333 0.055434844530597 0.000396975131500 0.000003207345467 0.001888321536713 0.000002073262882 0.000000384840482 0.000499423102689 0.000004098920464 0.000191930751494 0.486734285253935 0.000007241827833 0.000068929251477 0.000001963627715 0.454700226374418 
0.033421035592629 0.004214721475450 0.009491090437806 0.020090629451106 0.000396426554308 0.002163777441698 0.000487334521083 0.120155352527393 0.086526913986863 0.001383180434100 0.008385888979745 0.019762861802586 0.002354893515032 0.685189546291205 0.005976346988996 
0.000000000105395 0.000000000125013 0.000000000001513 0.000000000006467 0.000000000004320 0.000000000142653 0.000000000075402 0.000000000062980 0.000000000009283 0.000000000129278 0.000000000013413 0.000000000000742 0.999950756255827 0.000000000358865 0.000049242708850 
0.010444881521712 0.027915554763639 0.003824199069974 0.003220829876209 0.001528174753810 0.004282449041403 0.097092492186612 0.085995421105922 0.001279173353702 0.000492433453095 0.014177512064712 0.041639700531814 0.024933544159753 0.001054687012062 0.682118947105580 
0.003068372559798 0.019343787533506 0.041257681359713 0.057999669382346 0.032545115964598 0.005255117218795 0.094057595265399 0.087308455185720 0.000132733397874 0.614056725216450 0.034917820335592 0.001757350558261 0.004932087420098 0.001419461125104 0.001948027476744 
0.000000001603574 0.000000273418904 0.000000001184932 0.000000000063207 0.000000002569510 0.000000000138736 0.000000000167292 0.000000014796136 0.000000000105717 0.000000001175513 0.007134873406735 0.000000022177096 0.000000002734408 0.000000000011061 0.992864806447178 
0.000000000000001 0.000000000000000 0.000000000000000 0.000000000000001 0.999999999995258 0.000000000000000 0.000000000000000 0.000000000000000 0.000000000000000 0.000000000004740 0.000000000000000 0.000000000000000 0.000000000000000 0.000000000000000 0.000000000000000 
0.000034224081614 0.025866385227134 0.000016421140130 0.000207524734930 0.000139865260901 0.000041419821111 0.002219150040798 0.000421881655309 0.000031736249250 0.000083465179846 0.000213728076623 0.002547300721845 0.807153820624549 0.000130928259665 0.160892148926294 
0.005081636174557 0.008045873017513 0.043500145866375 0.001110415524132 0.000519491043784 0.000774648648918 0.001303280166251 0.083114094080660 0.643109040890812 0.000329017049076 0.039631897693771 0.001608751305358 0.163637610591627 0.003865346355461 0.004368751591706 
0.000354078616752 0.000222725254595 0.141020277305666 0.007638900587905 0.038269134774039 0.614128193598372 0.000151887326008 0.008953761208046 0.000974787959294 0.001089187157209 0.000268375996612 0.001588086275036 0.184609667505581 0.000436085781126 0.000294850653758 
0.003141818447984 0.000417891167937 0.007174849285032 0.000476249575374 0.000345558875324 0.000114040886185 0.000049643478620 0.008118551534856 0.977581589460029 0.000187788632446 0.000461965879675 0.000166897029902 0.000530657622645 0.000274031218173 0.000958466905820 
0.000071747695534 0.000213977471503 0.002069279454666 0.001859635418860 0.000085500800300 0.000029854803141 0.000357875705984 0.001307256226526 0.272901372535521 0.000700987977318 0.000061473472244 0.000018375086198 0.683003823154961 0.037163253247745 0.000155586949502 
0.000509782098325 0.015946798646207 0.655945756490770 0.002426692204334 0.009010252514453 0.078538432993335 0.001827900603771 0.089846988639607 0.000471638770683 0.004791862166983 0.106404524260512 0.026947703954955 0.004360183297765 0.000977632053892 0.001993851304409 
0.001894368074933 0.000739579360047 0.000025731362849 0.009150836658812 0.000034616158863 0.000018742442270 0.000377875883893 0.006369081790201 0.335232832644776 0.000009023665193 0.001553895980716 0.000195477364910 0.627281443564963 0.000460248514360 0.016656246533213 
0.018056330189594 0.003276596811600 0.004659031650963 0.033720512318189 0.002438717597438 0.001902849170406 0.000997559309661 0.119554977259088 0.021322147608309 0.000338905600942 0.006739409611277 0.773763542540754 0.000429104983299 0.012622820496547 0.000177494851934 
0.280502169976300 0.027743108334254 0.008688145072064 0.165619246998485 0.011498935444418 0.002734398434979 0.012198212944290 0.004631549424491 0.139865530000018 0.015253156435813 0.051285161510789 0.004670338070514 0.006388601973952 0.267802953254870 0.001118492124765 
0.253039470723112 0.000166143316170 0.004407975383468 0.000025208488078 0.001904829469640 0.002756427582941 0.000032159913875 0.016943351031191 0.003641608527955 0.000915659679129 0.000045686404829 0.000009540546475 0.695141545433324 0.000010401299667 0.020959992200147 
0.000001301591000 0.985571901831648 0.000134904532642 0.000000774703706 0.000000043041839 0.000000004994826 0.000000218444645 0.014212929573657 0.000002994281679 0.000000377923820 0.000001606293519 0.000002610451938 0.000000036980570 0.000000004101828 0.000070291252683 
0.000232015293529 0.003236906244733 0.000308419012887 0.014735624699235 0.000400875654174 0.000102314693066 0.004858734489492 0.001007537274217 0.000749047567775 0.000075429865434 0.000282617188149 0.968693262195075 0.004336068278482 0.000699145790005 0.000282001753746 
0.000003434311015 0.327036259010449 0.000000523952801 0.000822443121911 0.000483073795432 0.000007678055520 0.172716418233262 0.003081976304677 0.000002295903224 0.000029138674941 0.004957299062529 0.000341295724099 0.020482298976315 0.442225993346602 0.027809871527225 
0.007356724678725 0.047014770449115 0.076250335632382 0.010050333491758 0.013067769005215 0.002598363482937 0.006516424377925 0.005886501316680 0.018008661150817 0.008155290169367 0.010637056673496 0.002482737587306 0.530188083018901 0.003393913964555 0.258393035000821 
0.000000000000000 0.000000000000001 0.000000000000000 0.000000000000000 0.000000000000000 0.000000000000000 0.000000000000000 0.000000000000000 0.000000000000000 0.000000000000000 0.999999999999999 0.000000000000000 0.000000000000000 0.000000000000000 0.000000000000000 
0.000000000000000 0.000000000000000 0.000000000000000 0.000000000000111 0.000000000000005 0.000000000000000 0.000000000020251 0.000000000000082 0.000000000000000 0.000000000000000 0.000000000000048 0.999999999979499 0.000000000000000 0.000000000000001 0.000000000000000 
0.000000048543998 0.000000042290123 0.000000002741180 0.000013210121047 0.000000107839344 0.000000000652711 0.000000148694009 0.000000102866452 0.000000091954010 0.000000000310748 0.000000855621890 0.999982723926682 0.000000000960663 0.000002662680392 0.000000000796752 
0.000000390893466 0.721710796409218 0.276476133189359 0.000003098969939 0.000000777851053 0.000001270232277 0.000000126607919 0.001605386439151 0.000000704885274 0.000180866606453 0.000008662105121 0.000000257220851 0.000003578235417 0.000006897484491 0.000001052870010 
0.072213886906022 0.031600481784530 0.017479178399792 0.035786200808436 0.014534009223687 0.004250554167643 0.002344875636045 0.446532580733550 0.014699027965795 0.000461608738453 0.047229673307181 0.279067131290389 0.016546396878018 0.013012642264897 0.004241751895560 
0.001334117060619 0.006084275738208 0.000095838355385 0.000054993388791 0.000821297719637 0.000384097326236 0.400930339489428 0.498367469376677 0.000001905097092 0.000857441564373 0.087583944154164 0.000289027828023 0.000029158106617 0.002593135328767 0.000572959465981 
0.000524385978059 0.000068701498589 0.000009024634570 0.000034248337128 0.000005777540150 0.000014277687621 0.000038668720311 0.998119225426239 0.000001344359932 0.000155710889054 0.000037751945565 0.000072402296066 0.000047149057171 0.000801710854662 0.000069620774884 
0.000124926322360 0.052538638136825 0.000013128614255 0.000164490388907 0.000040089487483 0.000029106576418 0.000173997362735 0.000147759232612 0.000063863892712 0.000018522276492 0.050300190451942 0.000090668875766 0.116978348652322 0.000021894252127 0.779294375477045 
0.000000236143416 0.000020218641751 0.099432473831797 0.000000530600464 0.008573780428171 0.000000464773094 0.000010903055137 0.879214380073482 0.000000124254181 0.012711775375641 0.000026773217419 0.000000290844662 0.000000162032886 0.000000062687955 0.000007824039942 
0.000000000000001 0.999999999989013 0.000000000000049 0.000000000000007 0.000000000000000 0.000000000000000 0.000000000000000 0.000000000010923 0.000000000000000 0.000000000000000 0.000000000000002 0.000000000000000 0.000000000000000 0.000000000000002 0.000000000000002 
0.004636693409540 0.001053449992261 0.001031758352353 0.006065345366389 0.000097244338409 0.001589350567918 0.000064288242707 0.002526491256290 0.030686152215868 0.000055656939220 0.945866543848823 0.005291763128458 0.000216358502128 0.000723638431710 0.000095265407926 
0.979776651873103 0.000000000058153 0.000000000151381 0.000000000473618 0.000000129389236 0.000000000016317 0.000000000060604 0.000000116527255 0.020223082285506 0.000000000306412 0.000000002866665 0.000000000003790 0.000000000217794 0.000000014137123 0.000000001633043 
0.001396794206926 0.004517463928904 0.000489538464324 0.013941050465591 0.349249916378339 0.011979990008895 0.003823454979328 0.001412199981083 0.000247894446767 0.119451180761098 0.000110183046039 0.000276899060621 0.482401984256126 0.006138735391840 0.004562714624119 
0.000035667552865 0.152727626077401 0.025390018216867 0.011641148585883 0.060583108294098 0.000017219653764 0.016383194981144 0.452893099050475 0.000095656284057 0.274366859241350 0.000047262226964 0.000015657677820 0.003517484534261 0.001849797388196 0.000436200234856 
0.001166691789471 0.000009217625739 0.003790743649470 0.000001650894880 0.000098871545993 0.008175012235076 0.000056601047517 0.982993210718037 0.001783739874783 0.000277070640189 0.000027523425885 0.000001525843684 0.000770675568909 0.000071911233648 0.000775553906718 
0.000934416069280 0.000408678919302 0.001997618119096 0.000251699473247 0.000223108189687 0.000086393358994 0.000063587747941 0.700760049058359 0.267688912055124 0.000002278302867 0.025223737876889 0.000985953121502 0.000305272496645 0.000990095902211 0.000078199308856 
0.000000218278283 0.000000258374937 0.999994939087751 0.000000040953725 0.000000316629011 0.000001342260989 0.000000001162602 0.000000765661967 0.000000008902666 0.000002007069097 0.000000021904690 0.000000000168465 0.000000072747590 0.000000003333927 0.000000003464301 
0.064382495858832 0.000074106042317 0.040694046037028 0.041574699316210 0.000025547949824 0.810500365985440 0.000016573533768 0.000289944890369 0.039526122906783 0.000004523504710 0.002195153098256 0.000115502257094 0.000022059140954 0.000572092145372 0.000006767333042 
0.000004299120675 0.000006410007926 0.969301034251098 0.000023452345413 0.000039393172224 0.005270236448876 0.000007610055824 0.023218171548926 0.001156253721584 0.000914923547819 0.000015334581512 0.000023038356654 0.000003034299248 0.000000865213058 0.000015943329164 
0.013751123642398 0.071058291001114 0.094662746670056 0.693430168389205 0.000018470148222 0.017124848548412 0.000844821885884 0.008631174062988 0.000342436356228 0.000011879637728 0.000182990789176 0.036672990858869 0.000068269002431 0.001308432086992 0.061891356920297 
0.000009493848725 0.000080523823620 0.000676534934426 0.000301497307635 0.000011737092031 0.026846321433923 0.002183215537527 0.968761844570044 0.000003321525237 0.000043452747627 0.000009163553922 0.000157040555335 0.000003414203009 0.000889922238314 0.000022516628625 
0.002155096919986 0.036811846053988 0.002626595437198 0.000948047850316 0.001087608987137 0.000038414115224 0.000461935363753 0.241603921430638 0.045506250812520 0.000231999444206 0.001277836862289 0.000143736961937 0.640423513289822 0.016148863844626 0.010534332626360 
0.019961273444005 0.012636589808014 0.040750253830959 0.028356550697449 0.014702816420261 0.038720612022437 0.002675435226605 0.012961129872551 0.004949740092558 0.010297468297341 0.005092256581920 0.001547687789796 0.089517314856037 0.002766857137511 0.715064013922557 
0.000000053825149 0.000000044694516 0.999794993472612 0.000004563571453 0.000001775287764 0.000006383493579 0.000000085931529 0.000067098757752 0.000018296422161 0.000101778158741 0.000000023441801 0.000000019438406 0.000000220106344 0.000000005587494 0.000004657810698 
0.000065132506629 0.024610384287864 0.000041154314032 0.000275738722122 0.000039584703104 0.000018841535320 0.000009611437143 0.974464880085267 0.000001228671812 0.000003379655423 0.000124332168012 0.000321228837442 0.000008734352016 0.000002220658466 0.000013548065348 
0.000000172838203 0.029223855833508 0.000000257532497 0.000500451472148 0.000000935543753 0.000000860364309 0.000002887582467 0.970193325547292 0.000000018972032 0.000000015886122 0.000018633119868 0.000000103482852 0.000000013517916 0.000057423328195 0.000001044978839 
0.000000000000000 0.000000000001770 0.000000000000000 0.999999999997659 0.000000000000000 0.000000000000038 0.000000000000001 0.000000000000001 0.000000000000000 0.000000000000000 0.000000000000000 0.000000000000000 0.000000000000000 0.000000000000529 0.000000000000002 
0.000000381061077 0.017465528049891 0.052441020159601 0.000060721108663 0.001369436186662 0.000003438496774 0.000007238647587 0.925523119775896 0.000006842234719 0.001748833706889 0.000521387950603 0.000008354116334 0.000567167339474 0.000001947943872 0.000274583221958 
0.008298463683111 0.009371305360019 0.346199223303679 0.000437785768729 0.016997910066759 0.005070672233508 0.000124939507258 0.161874994625030 0.000442495227125 0.020946140378434 0.004072452505785 0.001596916207635 0.098167421063300 0.002249919413267 0.324149360656359 
0.023621521748964 0.003655515909620 0.000704250075502 0.008412176461580 0.000463688742692 0.001714391547697 0.081181568702807 0.047429681987384 0.017759103096821 0.000536600309068 0.014939642270151 0.273127367767439 0.080863151237950 0.000104264768401 0.445487075373924 
0.005204191741280 0.032768143377855 0.002234471656801 0.004242131286883 0.837395772285660 0.000056667569688 0.007089974932699 0.013574415461307 0.000155756218640 0.002530393451189 0.058025745788040 0.013050974495330 0.012389406648575 0.001164796979086 0.010117158106966 
0.027236876611124 0.015413414672145 0.012012944933914 0.066642919895270 0.192163930581233 0.081378313032919 0.162511507208618 0.004280196042444 0.001450819853503 0.006554453962654 0.070850981046722 0.302986670518662 0.000241800762555 0.006448579105730 0.049826591772507 
0.021660245061243 0.001221568337255 0.000117764142812 0.002317918432386 0.099641481171068 0.000114035959685 0.000437879533332 0.000545473287092 0.000448632395655 0.834571613526343 0.000904302415158 0.000076426831678 0.034294622227487 0.000119862330036 0.003528174348770 
0.045709491008852 0.008872653952678 0.066311342239093 0.017789332093724 0.025949163059681 0.026759920303389 0.005333960162085 0.431744490917919 0.009217961862983 0.009733036825965 0.036800813726235 0.048164438440159 0.167421394919862 0.056315057866886 0.043876942620491 
0.000038571695031 0.000117414066624 0.000026234326320 0.000012046193503 0.000012781626604 0.000629696979112 0.000035390793586 0.000539643490169 0.000008982055181 0.000002845585136 0.992734681136029 0.005437576357939 0.000006042928335 0.000000805855138 0.000397286911293 
0.000894273756149 0.024204938056021 0.039576545769592 0.007929299245776 0.003595973201410 0.100491853473514 0.000748672728346 0.004865270251497 0.000458198246569 0.002497728363628 0.002333316542404 0.000708806055970 0.573631190326843 0.006082657347631 0.231981276634650 
0.008673355096943 0.002043551230465 0.126511813817490 0.000933075363136 0.003375632430784 0.000035530837190 0.079578638291994 0.773523223646140 0.000492060153707 0.001275309244196 0.001292812003554 0.000192695451800 0.001984208697631 0.000004145448447 0.000083948286525 
0.000995321115805 0.000055855188093 0.000027466179585 0.000025363608604 0.000077767873940 0.000044503392158 0.000063170815507 0.002381784830867 0.000096226175432 0.000001081031215 0.000191938769929 0.995236239452648 0.000511749585485 0.000026663761986 0.000264868218746 
0.018816868708153 0.002215118141818 0.000710651402850 0.000125192057508 0.000182651326953 0.000539430534958 0.000577026399342 0.069496315671073 0.000113930546126 0.000056607926423 0.085029966314595 0.820557296455702 0.000447231348200 0.000139782692213 0.000991930474085 
0.200092818137145 0.002098622861927 0.043581439037996 0.003151162239089 0.032771569290181 0.005871495371815 0.000809613220897 0.016801452644018 0.124902239782520 0.003317536036051 0.008583487930304 0.005676315539195 0.048726418121971 0.480309817867595 0.023306011919295 
0.000000014246496 0.000733799411985 0.000000025289543 0.000000294361025 0.000000515138599 0.000000001982088 0.000000157475673 0.000004911138117 0.000000083935697 0.000000026645785 0.999245437452930 0.000014284223987 0.000000204604938 0.000000072929337 0.000000171163799 
0.030732959977853 0.055888335638075 0.006690664480148 0.157221508569139 0.137825128055865 0.000074420465101 0.006277050431248 0.574790538519088 0.002297532437131 0.002275945780250 0.009295279527358 0.000162385148363 0.002935138653598 0.001148315049483 0.012384797267300 
