0.000521914665704 0.000000694671712 0.000001237909536 0.000000190670990 0.000094629957259 0.000009250967113 0.000001424746779 0.989993937996700 0.000002671564081 0.000003152936052 0.004299457362093 0.005065428933370 0.000005336084257 0.000000475472658 0.000000196061695 
0.180305434053080 0.212631850460747 0.089966939927467 0.023794709563196 0.002112141303574 0.029721309160885 0.011917540050142 0.011160795867553 0.001457280851422 0.000189338713816 0.060587116333040 0.121599428381051 0.000945635839900 0.001755795918116 0.251854683576011 
0.008550993295119 0.001441965265819 0.000324612683983 0.000341300298343 0.001304623444771 0.000395674827023 0.001332817937794 0.001936978822205 0.001449431413731 0.000341174040592 0.970117745329818 0.003993042417814 0.003572367177801 0.000520168464890 0.004377104580297 
0.000004880160250 0.001449100151382 0.000099434889941 0.000229835826798 0.000023286366429 0.000067635842533 0.007840579743758 0.326181109766551 0.000002606525367 0.000813542409559 0.000003669619791 0.000012160804787 0.657886733214691 0.000167275483902 0.005218149194259 
0.000722464564276 0.016171381304073 0.298790629945591 0.002700835295357 0.001421500627887 0.288061239249909 0.009298155933863 0.038022310042045 0.000215838053205 0.001428697362519 0.167126848144375 0.172090946160243 0.000557709586612 0.000234172581852 0.003157271148191 
0.005519572337719 0.000306509779297 0.049645630582444 0.002445355184809 0.005046073329095 0.003913180154787 0.000018151000102 0.256213320895027 0.669988388901292 0.000062686471651 0.000019672577506 0.000002960285337 0.002968421654922 0.003844564690972 0.000005512155041 
0.928058129360546 0.000402904535473 0.000124271619421 0.001838191430846 0.000191502267485 0.002673775103441 0.000456103450631 0.008129784124227 0.013208418219499 0.000335667017490 0.020045493596705 0.000484055538550 0.007054208367005 0.000209494953173 0.016788000415507 
0.001399886099271 0.001700312190457 0.002899722015424 0.000093495485773 0.001821961878346 0.000951208379399 0.004050476690895 0.010607994082904 0.038323292693382 0.000327511495306 0.004343162961516 0.000276971096127 0.069350813403073 0.001825085573725 0.862028105954401 
0.000094734558615 0.002393631292061 0.007708037240375 0.000337443760515 0.000506640085474 0.012952173111861 0.001095839330952 0.016149088071819 0.000040492179671 0.000205708241383 0.814751844771633 0.141635036269189 0.000158293176472 0.000045266573167 0.001925771336816 
0.000001985616059 0.000183750566891 0.968166371825546 0.000030768124130 0.000001904556595 0.000001462385817 0.000005768650801 0.005908334281496 0.000000063187374 0.025695964191739 0.000001664840334 0.000000090278064 0.000001351965180 0.000000477619553 0.000000041910421 
0.000012280021894 0.000162374712704 0.000205062601491 0.000006114810050 0.000084483454094 0.000175019414129 0.000352158622308 0.014746834162065 0.000054513790461 0.000006831359524 0.002342147928888 0.981633898444949 0.000013510858637 0.000028562472494 0.000176207346310 
0.000343847973574 0.069019173542379 0.007182067853116 0.015471108911355 0.000074931894107 0.000831082960834 0.000173342537491 0.534699198735311 0.003781160009685 0.300670308371729 0.004472391798213 0.000447071985218 0.048794341019623 0.006793785813584 0.007246186593782 
0.210654649928053 0.051586451097108 0.010595274103091 0.260905966910816 0.035633779928990 0.000554482552690 0.001302805560299 0.016163911343206 0.322421618205281 0.003857078618591 0.011865797028284 0.006175377797174 0.030698385461238 0.023438588899679 0.014145832565501 
0.000000000000000 0.000000000000000 0.000000000000000 0.000000000000000 0.000000000000000 0.000000000000000 0.000000000000000 0.000000000000000 0.000000000000000 0.000000000000000 0.999999999999938 0.000000000000062 0.000000000000000 0.000000000000000 0.000000000000000 
0.000000000000000 0.000000000000000 0.000000000000000 0.000000000000000 0.000000000000000 0.000000000000047 0.000000000000000 0.999999999999952 0.000000000000000 0.000000000000000 0.000000000000000 0.000000000000000 0.000000000000000 0.000000000000000 0.000000000000000 
0.006645188101984 0.000031074211968 0.000118138572424 0.000630490619893 0.856130655189069 0.105269423205955 0.001771893004338 0.000066378836485 0.000942513533192 0.015234201503132 0.000080501698054 0.000024020995923 0.011014724835592 0.002004550806622 0.000036244885368 
0.000020153498612 0.000501617512351 0.727724558364065 0.001858840716491 0.000272254666371 0.061749298968529 0.064413460336531 0.123788272047697 0.001554308298742 0.000443548832011 0.001789304546244 0.006928633604597 0.000011150985746 0.000118061762871 0.008826535859142 
0.000481841432321 0.001361680777299 0.001409629356855 0.004494497192395 0.000103456897981 0.000893223724932 0.944333891616698 0.000566844537221 0.000494098594528 0.000681001889906 0.028480219747161 0.011987084785914 0.000450291468711 0.000477696255296 0.003784541722784 
0.000030153803045 0.000068945135643 0.494350991354755 0.008264306119881 0.006971188827478 0.004204123266016 0.000783562675375 0.156962319555424 0.000940451475169 0.266527059146731 0.000121062997753 0.000083253573486 0.005710438259566 0.002719817476182 0.052262326333498 
0.000020293289179 0.000082751674450 0.301697533296292 0.000019421685462 0.000007615078151 0.003170676493834 0.000012264761710 0.685052152305481 0.000015331204314 0.002644031855440 0.000008305851356 0.000003781573713 0.000047161611646 0.000005679199269 0.007213000119701 
0.000002911763746 0.000002395013807 0.990335442689750 0.000033714738829 0.000003397836806 0.006824736394019 0.000002888447024 0.000253412601346 0.000007747103222 0.002409824002284 0.000002104081428 0.000000867125982 0.000066507318599 0.000008113740607 0.000045937142550 
0.000000580900559 0.000004343924964 0.000000086558422 0.000004953866134 0.000000986220133 0.000000725419123 0.913249419446857 0.000002938749965 0.000004810520590 0.000000335220857 0.000020150504171 0.086705648358531 0.000003092439646 0.000000126235548 0.000001801634501 
0.000120567599880 0.000090152311551 0.005445476758520 0.000064083094352 0.000009527197380 0.000018507769011 0.000121282264149 0.028150786998382 0.898993057083109 0.000427806756659 0.000230837405523 0.000058777585926 0.065161272442231 0.000035822657723 0.001072042075604 
0.052460632672515 0.000295331458417 0.014517474103643 0.000544097420945 0.018673642441103 0.002487278235354 0.000174907683774 0.027524954634735 0.063205608193808 0.001859855942505 0.761228088065703 0.050122651640264 0.002561779244495 0.000239414967832 0.004104283294908 
0.000031375700206 0.000725075447198 0.000052850845724 0.059095716064080 0.011130715351115 0.000060015551154 0.000246604222768 0.006025005761004 0.003302396561194 0.000048578143841 0.000017876441247 0.000236494916868 0.009619270551540 0.909393992676689 0.000014031765372 
0.000000000000000 0.000000000009271 0.000000000000016 0.999999999990634 0.000000000000006 0.000000000000042 0.000000000000001 0.000000000000001 0.000000000000002 0.000000000000002 0.000000000000001 0.000000000000001 0.000000000000000 0.000000000000021 0.000000000000000 
0.000000000000000 0.000000000001257 0.000000000000012 0.000000000000028 0.000000000000008 0.000000000000020 0.999999999996683 0.000000000000352 0.000000000000001 0.000000000000730 0.000000000000001 0.000000000000708 0.000000000000034 0.000000000000000 0.000000000000164 
0.999999999999982 0.000000000000000 0.000000000000000 0.000000000000000 0.000000000000001 0.000000000000000 0.000000000000000 0.000000000000000 0.000000000000005 0.000000000000000 0.000000000000000 0.000000000000000 0.000000000000000 0.000000000000000 0.000000000000011 
0.999999999428475 0.000000000000351 0.000000000007434 0.000000000010307 0.000000000250846 0.000000000000459 0.000000000000001 0.000000000008876 0.000000000248435 0.000000000001105 0.000000000000130 0.000000000000002 0.000000000001937 0.000000000000162 0.000000000041478 
0.000002166578324 0.000002067043063 0.000047202040094 0.000003981621363 0.000021152436800 0.108563345814865 0.000015591862039 0.891222249833227 0.000004045718308 0.000003893074144 0.000053588747642 0.000017893618019 0.000037971622863 0.000003592862053 0.000001257127195 
0.001079008641091 0.001141590761626 0.000016275289463 0.000007284275426 0.000070448220125 0.000037632873877 0.000025360376449 0.994482692245388 0.000000601449907 0.000008221954657 0.000043503786211 0.000000582385880 0.000159459659805 0.002847646018787 0.000079692061307 
0.000000783087867 0.000000022134067 0.000057760931943 0.000003498004382 0.318648097175484 0.000000121744904 0.000000017676709 0.000000031527744 0.000000020852793 0.681289516538682 0.000000018478870 0.000000000765687 0.000000013839238 0.000000026770162 0.000000070471467 
0.000370147427608 0.425775026638956 0.000040672670454 0.001624379830699 0.000172574043020 0.000001711031456 0.000045721396326 0.002672170598261 0.548057988779732 0.000009551578027 0.006717063637200 0.000538687906098 0.011384025494532 0.002115161354836 0.000475117612797 
0.000014061495151 0.005626653961476 0.033078216120118 0.000056770125136 0.005047408496018 0.000059561549392 0.000037290187467 0.004859011112749 0.000190682591571 0.004129411663494 0.941114623490850 0.000253071035349 0.000282865132783 0.000273384771267 0.004976988267180 
0.003386890254773 0.012889630764305 0.006259561729588 0.001080044421613 0.007762024360815 0.004049332980628 0.152469133367466 0.165400891313829 0.001518711338139 0.001433705241822 0.047005855140727 0.094031719930141 0.073275196730176 0.001600349705679 0.427836952720298 
0.028240194404275 0.029837449423704 0.009210925157238 0.000714623317777 0.033312752998717 0.001088858932079 0.005222913022895 0.058140953589559 0.000279327680738 0.002125358080403 0.676877490126287 0.015835864877714 0.025718235597432 0.002436104620548 0.110958948170633 
0.000008189784143 0.000000898182090 0.000135761211048 0.000007156839990 0.000007412535410 0.000001058833194 0.000002367317698 0.000378390806587 0.999297230487237 0.000015927418872 0.000005708621303 0.000000419772467 0.000117963769761 0.000019611370810 0.000001903049389 
0.017454903556992 0.000057429947131 0.858408947998332 0.000475978123569 0.000067483686979 0.001076598372355 0.000271213380856 0.116640973603346 0.002692999465374 0.000357132154620 0.001655474401698 0.000237549469469 0.000470291584215 0.000024004850025 0.000109019405041 
0.000065757255308 0.000335469154019 0.002824933241159 0.000305365680792 0.000042537243586 0.029186455031541 0.958898023432346 0.000803021117496 0.000181544356423 0.000034643842765 0.000953754415162 0.000709354223550 0.001248464920306 0.003240328562595 0.001170347522954 
0.015854282304902 0.061018045042595 0.030065539259875 0.000293041700021 0.004261135358268 0.000292339243226 0.002083434306025 0.722357118665826 0.001529436918891 0.000167885956709 0.020749862928459 0.132685231240155 0.002316822513818 0.004349146595005 0.001976677966227 
0.001870210485862 0.000599684247662 0.000143942981995 0.000196732957368 0.000332073809772 0.000700691190450 0.001624350402930 0.001035002957102 0.000134953093539 0.000150431414513 0.000304103244191 0.001551805332520 0.985177653523598 0.000512429050202 0.005665935308294 
0.000000003704351 0.000000300422912 0.000000071798184 0.000000013289287 0.000002131514822 0.000000007989260 0.000000045182877 0.000000758845493 0.000000223611281 0.000000001138610 0.001403048868380 0.998593343149217 0.000000000532463 0.000000006740865 0.000000043211998 
0.000013914992684 0.000084955438768 0.000168441560762 0.000064121317134 0.000016217272359 0.000057755978580 0.978344238538336 0.001700345711765 0.000007640682023 0.000066229558693 0.003594308385215 0.014845274368322 0.000021484610094 0.000076567818866 0.000938503766400 
0.000000000006577 0.000000001013494 0.000000000049032 0.000000001260504 0.000000001028172 0.000000000285280 0.000000393206637 0.000000004296004 0.000000000010654 0.000000000052527 0.000000168190164 0.999999429698347 0.000000000000600 0.000000000034975 0.000000000867035 
0.000009891239411 0.000000008487842 0.000002924809813 0.000000002058700 0.000002618284827 0.000000045838976 0.000000044279187 0.999958900263288 0.000010199303742 0.000000519956803 0.000000034058674 0.000004302169616 0.000010242230902 0.000000240494624 0.000000026523596 
0.000000000008934 0.000000000000004 0.000000000000090 0.000000000026443 0.999999994038016 0.000000000000025 0.000000000000007 0.000000000000043 0.000000000000038 0.000000005926334 0.000000000000012 0.000000000000000 0.000000000000000 0.000000000000054 0.000000000000000 
0.000000475177933 0.000000422216970 0.000000384002602 0.000000704528884 0.000000000222210 0.000000010287806 0.000000000533428 0.000000486841851 0.999993492255053 0.000000001433744 0.000000001050115 0.000000000444542 0.000004002439500 0.000000015850314 0.000000002715047 
0.004125893492375 0.000399076400905 0.005847344347862 0.000766378275067 0.002385282582484 0.006087257187463 0.000247572354209 0.673297714145125 0.011294858255681 0.000069396947301 0.002530995239144 0.000037551107791 0.000203265474235 0.291178825934980 0.001528588255378 
0.019769180865257 0.007593960065502 0.151321120277582 0.040411855832044 0.001761127454506 0.002742182683513 0.292552519121085 0.268519678859522 0.054989606965069 0.000304968801767 0.007475157603278 0.043230281187227 0.013554548899199 0.000143082227443 0.095630729157005 
0.000009629568670 0.040305952209609 0.000010422724125 0.000000034146146 0.000035755511838 0.000000093898998 0.000000524864279 0.000004550146520 0.000002573185009 0.000000258413164 0.006116983944700 0.953499743045968 0.000000347237753 0.000000164624926 0.000012966478296 
0.000313576238778 0.002096283966370 0.866027131216120 0.000090156902757 0.000728165542873 0.000374798862873 0.000109005846282 0.076090714277844 0.000233733485733 0.000135177876708 0.000427577482002 0.044837562528724 0.008425528779553 0.000058147420374 0.000052439573009 
0.005001569513107 0.003223893420042 0.011363855698644 0.013333874682356 0.000433335842340 0.000205742018130 0.000263729259513 0.037408493059717 0.891885504179621 0.000019096461284 0.001021318833146 0.004583829415967 0.028375547358937 0.001892894361378 0.000987315895819 
0.000000000000000 1.000000000000000 0.000000000000000 0.000000000000000 0.000000000000000 0.000000000000000 0.000000000000000 0.000000000000000 0.000000000000000 0.000000000000000 0.000000000000000 0.000000000000000 0.000000000000000 0.000000000000000 0.000000000000000 
0.000002914668385 0.011040173681065 0.217280853550383 0.000002365492042 0.000010805713064 0.000002503440665 0.000000434615326 0.771472304343383 0.000000104775643 0.000183513099467 0.000000840781092 0.000000222763647 0.000001018413528 0.000001466642906 0.000000478019406 
0.004716330186337 0.003542808216958 0.308583260249983 0.004435203919464 0.004657936757964 0.017497214455535 0.564365275969842 0.000796539701674 0.000624054043800 0.002549437366635 0.000850136541186 0.000114116170988 0.039240198538946 0.001112758084577 0.046914729796112 
0.096178569962475 0.000044275073616 0.889426228184659 0.000003347259149 0.000600119526599 0.001905351616987 0.000015712111473 0.000376713083650 0.000052052449079 0.010738190229570 0.000394554723347 0.000012289826992 0.000132570933106 0.000003071118558 0.000116953900739 
0.000029347607464 0.000389022127696 0.012447449550653 0.000060446642004 0.000152635240429 0.002317515592419 0.000564177560503 0.001121787894120 0.000015924057651 0.000040830976674 0.833651747790131 0.148778072090386 0.000047510988709 0.000007898722405 0.000375633158757 
0.062197561753927 0.001688120532070 0.025271007723988 0.038135507323307 0.007563195596875 0.014853533734793 0.041864064043983 0.391597998233163 0.052543205806027 0.003354745125150 0.015730897922482 0.261861515932757 0.068337987566433 0.010187248578783 0.004813410126263 
0.000132342820962 0.000002149169921 0.000014979336495 0.000003075113110 0.000048260560986 0.128283980663166 0.001810723348311 0.000009748580497 0.000007723222385 0.000020093606590 0.000000683015097 0.000001145489074 0.869228820552442 0.000017353803155 0.000418920717808 
0.000000000000000 0.000000000000003 0.000000000000000 0.000000000000000 0.000000000000000 0.000000000000000 0.000000000000000 0.000000000000000 0.000000000000000 0.000000000000000 0.999999999999992 0.000000000000000 0.000000000000000 0.000000000000000 0.000000000000005 
0.000165034467254 0.000984140178308 0.000058128399286 0.503956051847433 0.000244994152898 0.001526250487043 0.000044755052552 0.000211893617512 0.000009173091345 0.000272472405440 0.000004664284025 0.000006229426939 0.022974595581807 0.460466020893547 0.009075596114610 
0.001994488552643 0.016684208160065 0.003371472703410 0.000964816503908 0.031232607238885 0.004117946648688 0.020377730305740 0.001760739080288 0.000234505239722 0.002944778649695 0.002623876102377 0.000807350526828 0.753736360899322 0.000757170100680 0.158391949287748 
0.464505156060846 0.000149802526598 0.008376663278670 0.000699459530414 0.010937887268153 0.000304910392212 0.000606350339744 0.486721776219737 0.000746583851913 0.000224738597387 0.011029821593018 0.010046684287538 0.001326880446774 0.000298117569557 0.004025168037438 
0.010992040568793 0.003355777295258 0.004620348920823 0.000795378979795 0.001525822221235 0.005870873476308 0.012177846327312 0.009114298336979 0.000141504101880 0.001755833066800 0.004332593945310 0.000368938035775 0.908971214291055 0.004138483540747 0.031839046891930 
0.000038134676744 0.006093537235583 0.446526495940518 0.000096315958246 0.000243751684092 0.000055671259089 0.000037195731830 0.033308037691170 0.013494723267594 0.000408645494654 0.000048110190672 0.000003551833748 0.496840346442710 0.000859866391924 0.001945616201426 
0.000018097600484 0.001457254346454 0.000940907993497 0.004280775053991 0.000065140036460 0.000413887898075 0.013178860658098 0.002247782288481 0.000003888095152 0.001050235138556 0.000005320511044 0.000002196135796 0.975591623767175 0.000475168443735 0.000268862033002 
0.004445442445406 0.000206694463425 0.000151446386945 0.000942279256018 0.023057852912928 0.407710107807918 0.053043185461060 0.000174920516754 0.002199938491989 0.000731298470482 0.000078279963853 0.000240644726218 0.504474050192799 0.002078587136861 0.000465271767345 
0.000001176214565 0.000008474835865 0.001501412012791 0.000006606283795 0.117782064662413 0.000136808383495 0.000004276185125 0.880250043263785 0.000015220166412 0.000075521719182 0.000018122609206 0.000161593073985 0.000009906699903 0.000026489814117 0.000002284075360 
0.002708668289240 0.000971405883786 0.002802125140150 0.000613757185705 0.000252382397290 0.001235034750731 0.001696591957348 0.000996517187040 0.000145039393801 0.011599130146473 0.000142660172627 0.000287627254573 0.932463592562741 0.000783845070693 0.043301622607802 
0.000000520454053 0.997638565977862 0.000651206197286 0.000024198806926 0.000001211896310 0.000002243722532 0.000803459139996 0.000748211978363 0.000000631489687 0.000002034655122 0.000042252914402 0.000055787193248 0.000003998128319 0.000000929132737 0.000024748313156 
0.462873912913559 0.002700520927950 0.001427728458435 0.006657857197587 0.031740157925296 0.010422664258907 0.002530798057327 0.175956127901607 0.000788151215791 0.000932761899689 0.007133711818912 0.000337876339699 0.044051292370892 0.089170002722475 0.163276435991875 
0.006795459330535 0.070551479119706 0.002657826128205 0.764867520972956 0.000013184183911 0.006867757567972 0.000026802037818 0.000757889747043 0.092609584779277 0.000016422098915 0.000202534030163 0.000474574172312 0.008383056987622 0.044239702992092 0.001536205851472 
0.000079775707103 0.000164695618818 0.000013229233446 0.002092195005787 0.403716846350022 0.000808162405996 0.590614639709728 0.000022138740459 0.000045539452394 0.000408119504966 0.000162727827597 0.000406292781271 0.000005975985586 0.001417512757901 0.000042148918925 
0.000000457438430 0.000045910645447 0.000004810596155 0.000000872264145 0.000000409408034 0.000000116335970 0.000000384314911 0.000030911460871 0.000000349688338 0.000001951630188 0.000000120745171 0.000000061189909 0.998737257083243 0.000000654251802 0.001175732947387 
0.000000002843698 0.000000002164427 0.000000001556618 0.000000001344746 0.000000002974290 0.000000042830286 0.000000131091489 0.000000019991546 0.000000002201690 0.000000000958194 0.000000155471971 0.999999629075652 0.000000000190986 0.000000000152667 0.000000007151738 
0.000081814790446 0.000017757483622 0.999777506353277 0.000000484725775 0.000005236011475 0.000002534377487 0.000000205380287 0.000055854385182 0.000026956596610 0.000014686211194 0.000005135191006 0.000000170387170 0.000000722771638 0.000000350238138 0.000010585096694 
0.000000002955834 0.000000008154018 0.000312406607683 0.000000002555763 0.007465857472588 0.000000415495111 0.000000006168038 0.992215468762722 0.000000025526084 0.000005117037043 0.000000009186554 0.000000520063463 0.000000120812632 0.000000036810416 0.000000002392050 
0.000000000000094 0.000000000000124 0.999997418457570 0.000000002006402 0.000000000000006 0.000002579531972 0.000000000000042 0.000000000000184 0.000000000002041 0.000000000001392 0.000000000000003 0.000000000000033 0.000000000000072 0.000000000000006 0.000000000000059 
0.000025781106700 0.016553319343130 0.101408472840620 0.081190370176736 0.000066892839280 0.060898384437996 0.000017386984781 0.737884011494696 0.000078019744185 0.000271960252536 0.000269619559164 0.000124847366755 0.000796683850137 0.000348696154402 0.000065553848883 
0.000000154509958 0.000000000226497 0.000000972809763 0.000000009102495 0.997206618797189 0.000000000335903 0.000000002621715 0.000000396417737 0.000000001087247 0.002791720267087 0.000000122075359 0.000000000512727 0.000000000179202 0.000000000629826 0.000000000427295 
0.000049915970251 0.002160234364034 0.033600996278580 0.000497895888863 0.000411319792818 0.023077675408028 0.002164924997523 0.012409045936780 0.000060148770200 0.000488979710434 0.549300536847202 0.374595103136366 0.000076060646069 0.000027613947704 0.001079548305149 
0.000000000921600 0.000000000015872 0.000000000000768 0.000000000070293 0.000000000659800 0.000000000072397 0.000000000446808 0.000000000021260 0.000000000170479 0.000000017154073 0.000000000000380 0.000000000000555 0.999999825091102 0.000000003329745 0.000000152044868 
0.000034474996381 0.000191601236432 0.900607053401359 0.000124995072773 0.000189436394426 0.027362926225676 0.000233674078771 0.067258206429477 0.000427097668409 0.000373953073909 0.000212603157729 0.001939245616019 0.000798778206772 0.000111763420329 0.000134191021538 
0.000024824905178 0.004554893325983 0.018370059006502 0.000484340121513 0.000017204438284 0.000078952577729 0.000038155022114 0.011991188775042 0.029749196146300 0.000004863106301 0.000001482970825 0.000000563925793 0.930621005669163 0.003995713299475 0.000067556709798 
0.000097242406572 0.000363655102530 0.000541619593457 0.000094784595178 0.000983902589688 0.000082349048147 0.000000467337725 0.001802134181491 0.000064249047447 0.000664603683231 0.765126836133307 0.000044475874582 0.000146844014558 0.000020802577513 0.229966033814572 
0.512163854176322 0.005204609116382 0.014862133488028 0.004991540609688 0.003196653884189 0.007455728040996 0.008479653613710 0.057810741732224 0.142259748516456 0.000554518339682 0.007379704532245 0.047155214722378 0.007708561555790 0.164103052851859 0.016674284820052 
0.000000000031767 0.000000000001610 0.000000000000094 0.000000000000166 0.000000000004324 0.000000000040201 0.000000000032178 0.000000000002787 0.000000000001978 0.000000000252911 0.000000000000057 0.000000000000218 0.999985630117226 0.000000000182846 0.000014369331636 
0.012082397717378 0.014270374276471 0.013654089302268 0.004361459108764 0.001048422506120 0.009500511690832 0.666277772456362 0.083294011792907 0.002899118308891 0.001894692695363 0.006681601199499 0.054837082844852 0.033850225441429 0.000864604293698 0.094483636365166 
0.010097593829882 0.011517736606107 0.427974305884514 0.043689297375918 0.005246043433676 0.101364523269310 0.078321579148981 0.269617196111290 0.000453161439137 0.029981728940245 0.005386043984465 0.010275651459939 0.003122154039241 0.000460267775046 0.002492716702250 
0.000000000048337 0.000000293851354 0.000000006559714 0.000000000225838 0.000000025894486 0.000000000109134 0.000000001199163 0.000000000209954 0.000000000238786 0.000000001296896 0.002767608208531 0.000000002973959 0.000000015643462 0.000000000070753 0.997232043469632 
0.000000000000035 0.000000000000000 0.000000000000000 0.000000000000006 0.999999999998665 0.000000000000000 0.000000000000000 0.000000000000000 0.000000000000000 0.000000000001294 0.000000000000000 0.000000000000000 0.000000000000000 0.000000000000000 0.000000000000000 
0.000003399741420 0.036622913518144 0.000251164317393 0.000043147279840 0.000069412667239 0.000068292460734 0.001403506989597 0.000066204562196 0.000010560169992 0.000080288337670 0.000019831456237 0.000935376737468 0.013307583982058 0.000028344963949 0.947089972816063 
0.008015903610422 0.011795634667839 0.037071279028242 0.000964758488088 0.001385238766855 0.004983071757326 0.002371547082537 0.211045240326120 0.355499029621040 0.003030542115797 0.080903130531194 0.001134806917387 0.272019163979814 0.005612989804905 0.004167663302434 
0.000142035827455 0.000052701258293 0.013798005501120 0.006337181129714 0.001027436692975 0.960855518595434 0.000145480103535 0.001371042024856 0.001603009905266 0.000151393034366 0.000008078444421 0.000216227118930 0.013399723237337 0.000796393309954 0.000095773816344 
0.025635613230665 0.000361625015280 0.008769348590198 0.025374951513626 0.000873726856418 0.000214830169257 0.000066634856103 0.017660535660493 0.912038794106434 0.000490869253189 0.000963329781637 0.000214531762762 0.000853732408376 0.005868027381832 0.000613449413733 
0.000896672739965 0.000142489164340 0.001590933066068 0.000211378202330 0.000021561643173 0.000161295156551 0.000272950908617 0.001602445144647 0.092441006927718 0.000005600724459 0.000008956557603 0.000033002587157 0.881460929506321 0.020941873641635 0.000208904029414 
0.000719210941298 0.001524940537065 0.887625053886140 0.001801130308895 0.000404480972644 0.001355723712902 0.001043707645513 0.014645152849649 0.000115793067384 0.000612681175977 0.048840965477099 0.031825867967646 0.004947366511898 0.000459640515626 0.004078284430266 
0.002051508889047 0.000827109295106 0.000185061248789 0.000772724703524 0.000032621019314 0.000227806559324 0.000524771980203 0.009780020359968 0.128537612507063 0.000146437225951 0.000365383265384 0.000056788102731 0.771773849340900 0.002818913609429 0.081899391893268 
0.133295672199191 0.052550455227484 0.016609930842909 0.033663149756384 0.014276085005367 0.004941108802864 0.013807428715399 0.338038488409724 0.015558759003880 0.003072187227976 0.040365148833614 0.296097786639259 0.002037675627644 0.033598242532973 0.002087881175331 
0.843415141665174 0.008623174551168 0.000444515343651 0.061799130468507 0.000370178222929 0.001111154199300 0.000778006262209 0.015620580291658 0.034857185314489 0.000420428560531 0.005696974783866 0.001589563252084 0.002547772108322 0.020814280097134 0.001911914878979 
0.366923700933321 0.000017640355546 0.001567786774571 0.000106995759845 0.002084391418591 0.001257836179815 0.000024790715450 0.135366230929122 0.013455042287751 0.001243028731715 0.000030906583086 0.000016572077588 0.453599172027761 0.000086990525120 0.024218914700718 
0.000005346180248 0.137158481231529 0.287883836868472 0.000170003331437 0.000072069745205 0.000028558149260 0.000069970612575 0.573132571921544 0.000124509788281 0.000019320029072 0.000010431002001 0.000311613405180 0.000012703433783 0.000018809128933 0.000981775172479 
0.003357969134674 0.010906068386605 0.005450963418194 0.005631548039870 0.000248662025217 0.001507602087458 0.060166117824514 0.030913697393698 0.002080325489970 0.000163521527120 0.001663855279285 0.873343864876297 0.002825847916602 0.000636773899049 0.001103182701448 
0.000137257194839 0.017985775966906 0.000023721848484 0.001297211838292 0.001144073594155 0.000202402137965 0.097198105588260 0.009106161036765 0.000060485066534 0.000190127804335 0.000348356541709 0.000168121427393 0.010731155305508 0.852285207537548 0.009121837111307 
0.006977659334983 0.029884367623109 0.177112570458490 0.003461746798420 0.001424696091294 0.010475461495716 0.003984757757084 0.001137195929870 0.011258523899461 0.000061048022020 0.002749707443144 0.001155572071910 0.675636710922109 0.001494613315741 0.073185368836648 
0.000000000000000 0.000000000000000 0.000000000000000 0.000000000000000 0.000000000000000 0.000000000000000 0.000000000000000 0.000000000000000 0.000000000000000 0.000000000000000 1.000000000000000 0.000000000000000 0.000000000000000 0.000000000000000 0.000000000000000 
0.000000000000000 0.000000000000000 0.000000000000000 0.000000000000036 0.000000000000013 0.000000000000000 0.000000000051957 0.000000000000009 0.000000000000000 0.000000000000000 0.000000000000002 0.999999999947983 0.000000000000000 0.000000000000000 0.000000000000000 
0.000000328104249 0.000000226687720 0.000000044027278 0.000000127370402 0.000001244823945 0.000000003426911 0.000000954161925 0.000009864023127 0.000000011347182 0.000000034073821 0.000003419328239 0.999983552653312 0.000000016190091 0.000000153490149 0.000000020291648 
0.000011434559306 0.008124750407476 0.987873851239323 0.000027332167019 0.000014348426543 0.000106187912881 0.000004066571608 0.002859208987169 0.000004938987189 0.000674006859154 0.000271784721445 0.000005042592262 0.000013289713137 0.000005531175096 0.000004225680393 
0.089650655439307 0.005689387009362 0.020926985766650 0.000632997067921 0.139439457566018 0.004672828258243 0.000934055436290 0.065223544200287 0.173339224722845 0.001611008710573 0.361354875868075 0.120761860476313 0.003327331099815 0.006039815777788 0.006395972600514 
0.006689037925399 0.006396884378265 0.022543596483592 0.003369124963621 0.006794932106962 0.025789206609751 0.444021531637820 0.341826417120864 0.000176844061347 0.000554706050621 0.124011345320046 0.002592526948697 0.002801998901676 0.011143084217678 0.001288763273661 
0.002834601598327 0.000330789981360 0.000062514384146 0.000362965822375 0.000062936524861 0.000406574822238 0.000039770549521 0.986182469290792 0.000013301365200 0.002457000747112 0.000141943157277 0.000139939008847 0.003540830830939 0.000475287401378 0.002949074515627 
0.000114731604763 0.046229598357047 0.000073627274094 0.000238737716546 0.000113262205005 0.000088871857515 0.001753769111768 0.000809267509292 0.000107145264835 0.000029161097075 0.181967891290787 0.001273566522496 0.042674017690545 0.000049182384906 0.724477170113327 
0.000015628930497 0.000452393608342 0.303626533159495 0.000046572661962 0.013301388613746 0.000191711131529 0.002839047012342 0.608927027364130 0.000089452138404 0.069984825279421 0.000322518892465 0.000027257908953 0.000089076336520 0.000033344862610 0.000053222099584 
0.000000000000005 0.999999999994730 0.000000000003702 0.000000000000006 0.000000000000003 0.000000000000000 0.000000000000005 0.000000000001180 0.000000000000000 0.000000000000001 0.000000000000120 0.000000000000001 0.000000000000000 0.000000000000038 0.000000000000211 
0.003835008073371 0.000485262421070 0.002521642664111 0.002493924414841 0.000256841668452 0.036975093598693 0.000204475838423 0.003444092828874 0.003754546629080 0.000022044647287 0.901522084636131 0.043768506978051 0.000296142222095 0.000103213516569 0.000317119862953 
0.912646307241160 0.000000017483874 0.000000031806764 0.000000034268925 0.000000584933969 0.000000001177495 0.000000000206871 0.000000355283111 0.087352216335791 0.000000003547556 0.000000047114413 0.000000001207037 0.000000021567099 0.000000357736602 0.000000020089333 
0.001944719736743 0.000282309264163 0.000636855733214 0.019942594521000 0.099767040421029 0.516992244003525 0.002239955215235 0.001814006386698 0.002424188604867 0.016203023691876 0.000174225972897 0.000016489818856 0.299297443273542 0.037672028612921 0.000592874743435 
0.000060698277467 0.003231996445469 0.115197729730282 0.002612427957581 0.009393519539815 0.000412851646855 0.001253178395982 0.830726019609638 0.000069213457748 0.034940969114845 0.000005773135342 0.000002385778103 0.000635618995307 0.001435552856494 0.000022065059071 
0.000051614248287 0.000008500897651 0.000310256000257 0.000001386853849 0.000016865662731 0.000082773483620 0.000005106466940 0.999197528157193 0.000195906550813 0.000005573452855 0.000001373521341 0.000003471781157 0.000095042842532 0.000016837065972 0.000007763014801 
0.000534990757768 0.000133026515305 0.007999933207358 0.000524640607770 0.000086142979800 0.000039224379188 0.002028298354607 0.804147888001755 0.169080205747849 0.000001896079762 0.011986046631968 0.002713239185606 0.000283981322896 0.000419955381683 0.000020530846685 
0.000000001522482 0.000000005424608 0.999999834420584 0.000000000154089 0.000000000278657 0.000000152250269 0.000000000012714 0.000000000499927 0.000000000356727 0.000000003345933 0.000000000041457 0.000000000015419 0.000000001449790 0.000000000084903 0.000000000142440 
0.343763700864158 0.000117516621626 0.039078189780953 0.147012042507915 0.000038159310747 0.259444940626996 0.000220359385554 0.001184127841942 0.203426448119207 0.000001350898308 0.004398328160715 0.000140844970323 0.000409984676344 0.000702307108059 0.000061699127156 
0.000003232093913 0.000002452432030 0.427043088779244 0.000003870679982 0.000017098507818 0.445828753991129 0.000003055307364 0.126929894042364 0.000023836814126 0.000120525361252 0.000004212516437 0.000006415841700 0.000006200191617 0.000001454715280 0.000005908725742 
0.014666381285036 0.043953747472616 0.147003719212262 0.729885656704345 0.000035221728046 0.008958545553771 0.001579589316873 0.000999301131545 0.000167334226089 0.000027895159139 0.000202126384219 0.042544385140735 0.000331044618771 0.000253525184745 0.009391526881808 
0.000010308489330 0.000002830399202 0.001320053787047 0.000296933367718 0.000000859321429 0.917784380617804 0.000670060336302 0.079596687967061 0.000002426907377 0.000001224885980 0.000000843460474 0.000020195660660 0.000027092305631 0.000260248713072 0.000005853780914 
0.005131469190470 0.009042792305714 0.013911307659181 0.000862743380221 0.003001325456970 0.000404761210317 0.001841898825866 0.080154178410908 0.061936645144192 0.000171217947042 0.000641319189851 0.002690655946269 0.352627412232192 0.465113755003257 0.002468518097548 
0.022443436588921 0.019842636767281 0.503520282619138 0.016855465978368 0.004676238252913 0.090658889339307 0.014881561964118 0.012752687001325 0.004734631953118 0.003653567160546 0.012106348623115 0.012332943243898 0.030496929139780 0.005758597725315 0.245285783642858 
0.000000005087102 0.000000027258036 0.999702568964892 0.000000188332941 0.000000129735578 0.000020774433722 0.000000011739607 0.000016566508261 0.000000372277656 0.000256711550428 0.000000027916792 0.000000002954674 0.000000481108762 0.000000147956803 0.000001984174746 
0.000122864302971 0.030041364225936 0.014323123217194 0.001850850456199 0.000512218616108 0.000073956754113 0.000257729998241 0.948531727984670 0.000021342929599 0.000105798941907 0.001421559117721 0.001954071685545 0.000698388486250 0.000078073486556 0.000006929796991 
0.000000417614172 0.088204450043230 0.000008117503813 0.001598726565429 0.000003529028762 0.000008553176160 0.000051327295912 0.908120805762009 0.000003508409128 0.000000018729091 0.001253096158698 0.000002233461658 0.000000404207344 0.000741802247414 0.000003009797181 
0.000000000000050 0.000000000689586 0.000000000000029 0.999999999234516 0.000000000000050 0.000000000010979 0.000000000000393 0.000000000001036 0.000000000000083 0.000000000000572 0.000000000000084 0.000000000001162 0.000000000000178 0.000000000061200 0.000000000000082 
0.000000048137220 0.000002095510926 0.982121593826305 0.000000755436465 0.000003313878986 0.000026486903474 0.000000081452146 0.017835576160277 0.000000322807342 0.000004679622304 0.000000691398032 0.000000833060011 0.000002219765151 0.000000119440183 0.000001182601180 
0.016477072482223 0.000332205962998 0.232672030617760 0.000179600537216 0.012730675414308 0.029132280883472 0.001550999974975 0.065473132526801 0.013704878551006 0.015130413663778 0.002539455957327 0.013105832603927 0.497124186968497 0.002238217674369 0.097609016181343 
0.003519361333650 0.004134546024121 0.008747102772661 0.008176887147256 0.000364721049272 0.007063915730814 0.235732463759151 0.028633504948358 0.007750470365484 0.000462905445953 0.001587844655177 0.622222368106589 0.056673545593665 0.000113994797664 0.014816368270187 
0.000258293517764 0.000324701599123 0.225110484755156 0.000100106698686 0.014233115472084 0.000024378865868 0.030665901133715 0.155964953512360 0.000462823885123 0.001464216555522 0.047388108658241 0.519076527973373 0.003332265240201 0.000222677960418 0.001371444172367 
0.373195385287190 0.019212000381168 0.083437020656955 0.013708692266412 0.016844532166676 0.162117617158716 0.219416577569121 0.008604007676812 0.003119373260640 0.001678032713932 0.066570537756634 0.015419286618028 0.006577022291618 0.003266379234318 0.006833534961779 
0.120152945660649 0.002251249686852 0.000365468743119 0.039150197941787 0.718205312269539 0.001185832996669 0.031381717509028 0.001930628269936 0.002931562268612 0.026342154228423 0.001985985924842 0.000246746318290 0.034455046638292 0.003355347958331 0.016059803585631 
0.043019751796585 0.001760326589997 0.029337581944353 0.001807996550997 0.004553546383591 0.004891012583467 0.005940933965917 0.850011054194060 0.009983785772684 0.001617366734717 0.016839197517675 0.011470738957823 0.005241314650332 0.009100436271839 0.004424956085961 
0.000020401112835 0.000268066330061 0.001258127080591 0.000154054348134 0.000088745209561 0.013831577061991 0.000926366041853 0.000597508464431 0.000020619545778 0.000036659750995 0.980168181909880 0.002312395895281 0.000141052681762 0.000007016815272 0.000169227751574 
0.000151400777775 0.000713275312349 0.005593052481546 0.000837023777601 0.000060677349782 0.002167805139491 0.000255241582292 0.000322365655777 0.000190396830981 0.000106280356817 0.000046133551254 0.000054630944878 0.961943001806808 0.000227342451637 0.027331371981013 
0.050669521748663 0.000159296916453 0.183773602880309 0.000296358496963 0.000505758791947 0.002007538974092 0.001759399540896 0.740736218059227 0.014291351740043 0.001090682427809 0.001949729375000 0.000757080705375 0.000116584911299 0.000491533383955 0.001395342047967 
0.000487745558887 0.000002312071496 0.000038066433151 0.000003620723523 0.000043037846259 0.000016616129399 0.000350557194938 0.000842946821994 0.000062208016505 0.000003282429581 0.000462036491621 0.997257084875321 0.000396197915950 0.000004228739145 0.000030058752230 
0.008940282171626 0.001405694028815 0.011612372813270 0.002752435487370 0.001742378530824 0.009896262409960 0.031304164866110 0.036761869441367 0.001325210283679 0.000216081668362 0.109625624953814 0.780950018903153 0.000530333699699 0.000542982141326 0.002394288600624 
0.016916808660434 0.004836134395208 0.072016677413640 0.003453698628211 0.001901337760583 0.007063457926876 0.000180469718999 0.042143384591588 0.555277352379888 0.000208494570873 0.002291200057634 0.001828324041547 0.001437618209406 0.289631006938735 0.000814034706377 
0.000000068643148 0.000007422946224 0.000000271812183 0.000000163691134 0.000000749054184 0.000000171667819 0.000004176756730 0.000057502938080 0.000000270378093 0.000000247361622 0.998766247279797 0.001162067521288 0.000000195870029 0.000000077156924 0.000000366922745 
0.097310653875371 0.012561146997403 0.297444745498732 0.035035943032175 0.012343387299275 0.019840166189724 0.018940215738471 0.307322743863668 0.123591092876371 0.004145521016684 0.005520279418602 0.002401992204711 0.012658734843124 0.038102788876797 0.012780588268893 
