0.026054810995364 0.000087423813677 0.170593312476874 0.001461001901496 0.801738451433767 0.000064999378821 
0.000621044378194 0.000016943961927 0.000326187230062 0.980523156968605 0.000262463373258 0.018250204087954 
0.004300857957286 0.000571637933020 0.981616328414338 0.001962012098915 0.011523132396751 0.000026031199691 
0.000000510867212 0.000753965354918 0.769229326978495 0.229581741818033 0.000416387125871 0.000018067855471 
0.004410036303141 0.001720444902169 0.529499871007531 0.034584338027890 0.128272373545155 0.301512936214113 
0.000037087452963 0.000311376477096 0.005609005540839 0.992645338259020 0.001394131217869 0.000003061052213 
0.000282225486344 0.000000345734669 0.999176129997789 0.000518466983347 0.000021896708931 0.000000935088921 
0.000334713161494 0.001759023194261 0.984829620124881 0.007652746872716 0.004688827971297 0.000735068675351 
0.001018432695582 0.000280137387250 0.358100929483347 0.005305769814172 0.623640993951887 0.011653736667761 
0.000020978069965 0.000010328918728 0.893156953925333 0.001713697515175 0.100930516607130 0.004167524963668 
0.003139332395583 0.008514855674769 0.979409818705441 0.001545426871534 0.007041795388580 0.000348770964094 
0.000000567718845 0.000007287519495 0.999990468840851 0.000000507022969 0.000001110711751 0.000000058186089 
0.562975021471826 0.000419779905459 0.424055889040619 0.000168441842071 0.012221286914129 0.000159580825896 
0.999964117441779 0.000000027149536 0.000030753526628 0.000000538576719 0.000003799975711 0.000000763329628 
0.000001839548205 0.000003156172316 0.000009621113446 0.999969443349409 0.000014233238956 0.000001706577667 
0.025725972400138 0.068982929871008 0.764161443876021 0.018165516168416 0.119274681466345 0.003689456218072 
0.000068209227189 0.000084234102050 0.998330688611564 0.000830980934476 0.000462152004817 0.000223735119904 
0.110108764193637 0.000597722094888 0.450456107956541 0.292226925532030 0.125653817140755 0.020956663082149 
0.000007458983770 0.007744739991181 0.014222481290012 0.970531541289346 0.007485844986302 0.000007933459388 
0.007249662553784 0.000555960474369 0.067173036434671 0.906446421344297 0.015828022158496 0.002746897034383 
0.001570760047220 0.018731462725363 0.367535388306250 0.449294964566591 0.162667722627706 0.000199701726871 
0.000003844793971 0.000000010466925 0.999994460058611 0.000000013865314 0.000001656259950 0.000000014555229 
0.000034695396961 0.001284952492393 0.998607438296055 0.000044098996441 0.000026212254377 0.000002602563773 
0.003879609965621 0.019301959596572 0.778745759060650 0.119078700619256 0.077753582273704 0.001240388484197 
0.000110647331331 0.001906945350925 0.023537235796153 0.000243115818248 0.894489056902894 0.079712998800449 
0.000387284212564 0.000318568914250 0.007244507125833 0.017533854305891 0.524152956738112 0.450362828703350 
0.000000008251083 0.000000148746642 0.999998634752815 0.000000231846258 0.000000946888619 0.000000029514583 
0.000452935139924 0.000673056942658 0.015158988513957 0.983614111742569 0.000098633300342 0.000002274360551 
0.003066206423677 0.410879960484199 0.581139658991652 0.000480730289366 0.004321472086128 0.000111971724978 
0.000092044415520 0.013732051953257 0.005878161006286 0.866529331351655 0.112412591921886 0.001355819351397 
0.000000000000000 1.000000000000000 0.000000000000000 0.000000000000000 0.000000000000000 0.000000000000000 
0.000007465874948 0.000056907243246 0.001079371958267 0.888404672858163 0.110323543356557 0.000128038708819 
0.001074904904892 0.039768780586241 0.956434394213189 0.000678162867119 0.002020064006104 0.000023693422455 
0.008069580701642 0.000000856943579 0.991909152814258 0.000011168159215 0.000009029227379 0.000000212153927 
0.000322062307937 0.000065766726210 0.001411804609213 0.998155175554055 0.000008127993001 0.000037062809583 
0.989627344334882 0.000048588833026 0.002852336412809 0.007446532236395 0.000022184497439 0.000003013685449 
0.148567904464762 0.008160415794205 0.021619077075715 0.820687269576295 0.000546878907283 0.000418454181740 
0.000033612403334 0.000652182966282 0.969635149989054 0.003942452007665 0.025546488395365 0.000190114238300 
0.000000000006104 0.000000000000374 0.999999999993476 0.000000000000005 0.000000000000035 0.000000000000005 
0.329047434662234 0.003878901203980 0.422856094348024 0.035505368793887 0.173785524078932 0.034926676912943 
0.030396711533067 0.001594942091498 0.862708992162310 0.098629206459820 0.005751711307968 0.000918436445336 
0.000264940916523 0.000686644605448 0.052893399907636 0.008920852962592 0.201806953685638 0.735427207922162 
0.258656423668607 0.000000138291142 0.741340943017738 0.000001979483418 0.000000488857575 0.000000026681520 
0.006112481970477 0.000013792558177 0.982837607103924 0.000498388146539 0.010418612865819 0.000119117355064 
0.000000621462635 0.000000398890040 0.000017757030283 0.999979952021605 0.000001238264138 0.000000032331300 
0.000000003075740 0.000000337749885 0.000000968100241 0.000018480578275 0.999979799926187 0.000000410569671 
0.000289759612611 0.000741556723675 0.881562920526789 0.116930106765129 0.000292279827637 0.000183376544160 
0.001670199076166 0.001125111145312 0.980332526247926 0.016274538423367 0.000467863742767 0.000129761364463 
0.000543011173895 0.000171775758711 0.975972704006382 0.001579094558944 0.020694844655940 0.001038569846128 
0.974631620447308 0.000121633795374 0.022512474424005 0.000544454759936 0.002169825119954 0.000019991453424 
0.037151984053457 0.000557765406361 0.900115579090823 0.023835910219642 0.036712825999868 0.001625935229849 
0.007258351966250 0.009856910681108 0.150501462413358 0.139042939288966 0.643403980322176 0.049936355328142 
0.000022546853603 0.048911876853318 0.927655325610543 0.022863236955052 0.000407009092875 0.000140004634609 
0.000003479097842 0.000000086734202 0.001687955005558 0.000001485502382 0.998263970007657 0.000043023652359 
0.004818840895473 0.006268288939720 0.817420312556735 0.048552424952844 0.120436473256721 0.002503659398507 
0.978471382041217 0.000018936983683 0.007411712651381 0.013946541266553 0.000137726084625 0.000013700972540 
0.002162119300178 0.000168142893957 0.638779227727422 0.000851674300341 0.355721776339999 0.002317059438104 
0.022539357735077 0.060181681606326 0.791167746160135 0.102820938455524 0.017261282950676 0.006028993092262 
0.018453775310027 0.111657368598009 0.196588354879665 0.351033609837202 0.311640092850341 0.010626798524756 
0.008621477138635 0.007509023508221 0.960569590339415 0.000165380968216 0.022802163727474 0.000332364318039 
0.000022536032357 0.000300890215709 0.997907101562259 0.000404942655755 0.000869594026344 0.000494935507575 
0.869502109020089 0.000067614742144 0.123321005842528 0.006363851395149 0.000225742741358 0.000519676258731 
0.001155331752805 0.000168706887154 0.842461138368039 0.117863542357544 0.038292633259662 0.000058647374796 
0.038483988287928 0.000280181482542 0.134591230954628 0.816079899449631 0.010091306051355 0.000473393773915 
0.001141697044489 0.004025466444560 0.004288048742980 0.984757867349287 0.005727257477916 0.000059662940768 
0.003032741344609 0.003271003912557 0.259541586152776 0.656299306429622 0.073677093583462 0.004178268576974 
0.109271295199811 0.012083643203343 0.624819455445794 0.006888151328218 0.113836787814836 0.133100667007998 
0.000019460499676 0.000226050122010 0.001299346537343 0.581221239070218 0.417093940959489 0.000139962811263 
0.000157477430368 0.001453837874445 0.925465514428159 0.072765858588125 0.000131931407681 0.000025380271224 
0.000002133548499 0.010059437781158 0.340461236606973 0.643596049226431 0.005712383011053 0.000168759825886 
0.979839638717526 0.000382995869028 0.000950391688491 0.018069382372702 0.000731587772710 0.000026003579544 
0.015131259773263 0.017298378825487 0.487238037777147 0.311725436016493 0.168432956712362 0.000173930895249 
0.001839210900550 0.000933454201035 0.024658622124048 0.864660220626304 0.047998301325898 0.059910190822165 
0.010132218999940 0.212897397246692 0.503307012428976 0.194083862500268 0.079030696997819 0.000548811826305 
0.196712579060983 0.000078700456256 0.795510203196478 0.003329651599814 0.003460906932141 0.000907958754328 
0.005224351041327 0.001337687781773 0.986060377505332 0.005950002189379 0.001393982261717 0.000033599220473 
0.000003322923312 0.000002567428748 0.000051015265480 0.993674444214934 0.006245365271501 0.000023284896024 
0.000004090942812 0.003660538182336 0.724774216589144 0.270026521231408 0.000040747947077 0.001493885107223 
0.000136768669778 0.001056180055540 0.992717049068055 0.002090086970708 0.002681056619661 0.001318858616258 
0.000087785042255 0.000007560301910 0.000029724187983 0.998731371990462 0.001129105634650 0.000014452842739 
0.000010184922640 0.000010267344832 0.014446081122353 0.000287774864559 0.983053137524625 0.002192554220991 
0.002906738525378 0.000406419935912 0.069449625094668 0.859114038957188 0.068064219980687 0.000058957506167 
0.000020946199289 0.000002502124852 0.000020423291948 0.999949755007104 0.000006024595328 0.000000348781479 
0.000953388597748 0.000054618223081 0.001991185727285 0.994512138797289 0.002414089757747 0.000074578896849 
0.034049738076528 0.014340423109020 0.184982706114511 0.762583751320071 0.003845879595471 0.000197501784398 
0.995453079429749 0.000195754293596 0.004259057917620 0.000018963067443 0.000065952399934 0.000007192891659 
0.001644539777643 0.001138521595413 0.985255082493583 0.011523017706401 0.000430770667113 0.000008067759848 
0.000000136307442 0.000000040263806 0.999997102463559 0.000001416638286 0.000001156721442 0.000000147605465 
0.000134400741722 0.001728476989456 0.923195173617292 0.006995378158092 0.064224237323662 0.003722333169776 
0.007147216021347 0.000288367581858 0.988768978404853 0.001127283451550 0.002233680588967 0.000434473951426 
0.000000011617863 0.000039812723674 0.000010279468450 0.622636743520268 0.377312317367332 0.000000835302413 
0.000282660532943 0.009906165770830 0.965601640197454 0.022204642050916 0.001850029099475 0.000154862348382 
0.019373846291261 0.001066381377968 0.740726178422528 0.236356445345226 0.001403727259629 0.001073421303389 
0.003752065032532 0.004373205935223 0.127867729168530 0.006362913460655 0.512995136058377 0.344648950344683 
0.000640778893390 0.000107092768836 0.003097781401460 0.000117291871585 0.995992949081062 0.000044105983667 
0.000003204295269 0.000012072162490 0.999511742709579 0.000315459776143 0.000136698597152 0.000020822459367 
0.053917170946517 0.004904077478832 0.283283169868477 0.424374787517827 0.229448131545233 0.004072662643114 
0.007866007044897 0.002343045478299 0.955819004817996 0.030713385508673 0.002477206637768 0.000781350512367 
0.758534784401761 0.000584434045976 0.112581641108969 0.004160805382923 0.120753183575407 0.003385151484965 
0.022295644270556 0.137321972836784 0.297475341310007 0.137271996734873 0.398605152902444 0.007029891945336 
0.000000171222071 0.000038298475716 0.000023459466376 0.999935540966395 0.000002177214041 0.000000352655400 
0.000015366176960 0.000048254003223 0.993112066034717 0.000144078572436 0.006577163107578 0.000103072105086 
0.014616372033773 0.001931114452171 0.973392383391872 0.001188815309038 0.004109959903505 0.004761354909642 
0.022383413806156 0.003412489997961 0.973025441675374 0.000061162576568 0.001081013718895 0.000036478225046 
0.000192472631675 0.000028789305187 0.996110994384422 0.000433112699667 0.002423514335572 0.000811116643478 
0.993956948968442 0.000005249690769 0.001846948826997 0.000021527241375 0.001440680965938 0.002728644306480 
0.007323277179287 0.002334056940979 0.025900309796090 0.006694042353633 0.264250609129346 0.693497704600666 
0.008984899245683 0.000003383465857 0.987459325499271 0.000067282527749 0.003130132408083 0.000354976853358 
0.258989698061356 0.005149905088475 0.119590605019642 0.554101722816091 0.058826373607444 0.003341695406992 
0.011982285562180 0.001240245514986 0.923230890992958 0.027295459125994 0.035961048118795 0.000290070685086 
0.000124758663358 0.000023856057730 0.999850631166735 0.000000020920645 0.000000409569438 0.000000323622093 
0.000000000000000 1.000000000000000 0.000000000000000 0.000000000000000 0.000000000000000 0.000000000000000 
0.000032292988470 0.000118163366807 0.999719612792022 0.000041156016747 0.000084573090045 0.000004201745909 
0.000210380860928 0.000032084386552 0.614159233560411 0.378139899850139 0.003555402339684 0.003902999002287 
0.738974902430049 0.207913880694490 0.008520831745967 0.003430218489948 0.002254490395768 0.038905676243778 
0.000543189161260 0.000114744466155 0.030859428991311 0.952854621325594 0.010556284223332 0.005071731832347 
0.000171637417429 0.419376437142260 0.019800336541210 0.558413057297310 0.002234440664077 0.000004090937713 
0.002222340528085 0.004134394696695 0.940076196832327 0.000745873646670 0.050715466966131 0.002105727330092 
0.000000159700399 0.000008119302709 0.228359010555235 0.000000321764386 0.771571233148137 0.000061155529134 
0.000014121435203 0.000089519266490 0.000176102968129 0.999233606020658 0.000459168787010 0.000027481522511 
0.158382547179095 0.000035063425208 0.837945691715289 0.003477359673689 0.000154401842428 0.000004936164291 
0.000193050476364 0.000049965945845 0.026361811037964 0.970669860792027 0.002571667217382 0.000153644530419 
0.002271403811446 0.000004264902578 0.046874511340033 0.944838543530984 0.001977778132845 0.004033498282114 
0.000000006175042 0.008810067356213 0.058642229990689 0.931713240379884 0.000829102063803 0.000005354034369 
0.000009202876157 0.000019049599180 0.994023434125404 0.000284590145976 0.002334693880172 0.003329029373111 
0.000000036012552 0.999981702997017 0.000018108333756 0.000000001087866 0.000000000077610 0.000000151491200 
0.000079039222776 0.000758334226179 0.884709144858629 0.000302422250137 0.113247868287037 0.000903191155241 
0.000250878024420 0.000044146200415 0.995695595184050 0.001593372092770 0.001861019737658 0.000554988760688 
0.000000120494786 0.000000392182181 0.000018282625804 0.999980641483782 0.000000489295440 0.000000073918008 
0.000264521753389 0.000112641869721 0.160438102241917 0.002075346675737 0.830865735804034 0.006243651655202 
0.000054086674706 0.000019281148308 0.000160333792770 0.000013203577914 0.985917389829795 0.013835704976507 
0.000001175205125 0.000001681763099 0.000000119641286 0.000003588745530 0.002168915836081 0.997824518808878 
0.471420685317811 0.000590143748723 0.006583291644287 0.515852499092563 0.005433844367803 0.000119535828812 
0.005602415517578 0.078012014522253 0.222353364227132 0.039285553157775 0.652569630663837 0.002177021911424 
0.000002776497638 0.000103790068905 0.985624067766306 0.003600137401751 0.010279534859643 0.000389693405757 
0.257372328382076 0.000000533588180 0.742515529076938 0.000105408899078 0.000002621820868 0.000003578232860 
0.000251558760964 0.000088582702241 0.865867007082577 0.005218292939210 0.044164942809624 0.084409615705384 
0.001150272789647 0.000046839853058 0.922750720413838 0.049283982152897 0.026401983044009 0.000366201746550 
0.003933955949222 0.092604294961634 0.665511236807120 0.208388791001546 0.026152937645242 0.003408783635236 
0.018704655636174 0.001536446768552 0.731957503812634 0.008101202094335 0.203902605816827 0.035797585871478 
0.000392566768850 0.006041675387341 0.930992624848682 0.003795102256309 0.015291625957045 0.043486404781774 
0.003865298817743 0.203316116675469 0.706073255065521 0.018001390282435 0.048655409411777 0.020088529747055 
0.000760836082060 0.007345035608428 0.982158457738466 0.000574630908584 0.008553287034922 0.000607752627541 
0.022451586308563 0.000036213665598 0.973853879475813 0.000389100066267 0.002770484656988 0.000498735826771 
0.000020086653680 0.025453170670123 0.915509114222973 0.055568156897724 0.003299220800478 0.000150250755022 
0.000283412290786 0.003048130391813 0.870395247867424 0.000958090935172 0.124931728534930 0.000383389979875 
0.000000000223927 0.000000306841239 0.999999639257705 0.000000007211994 0.000000044376741 0.000000002088394 
0.000000000059590 0.000000010836886 0.999999834580812 0.000000013700683 0.000000136956086 0.000000003865943 
0.000000000000528 0.000000000001676 0.000000000004927 0.999999999992844 0.000000000000014 0.000000000000011 
0.000257989351573 0.000149199645401 0.999558850467288 0.000024627638071 0.000008898202687 0.000000434694980 
0.000001106912116 0.000008298578718 0.999503826566684 0.000473420623797 0.000012575044584 0.000000772274101 
0.001013441854138 0.002583157050661 0.960853847766763 0.021547252493384 0.013818127455726 0.000184173379328 
0.090750368734590 0.000078372869511 0.865218898120112 0.043351553392769 0.000517975433423 0.000082831449596 
0.000000006928816 0.000000000750721 0.000356599654693 0.000000146345317 0.999643242786810 0.000000003533642 
0.000757356595893 0.039300566287694 0.959525535205990 0.000124212549505 0.000264810428836 0.000027518932081 
0.861157843182051 0.008719141777278 0.108588750224420 0.004908104473741 0.015040774497502 0.001585385845009 
0.044580509011778 0.003462080627730 0.800590632453852 0.136957374973016 0.014228339935832 0.000181062997793 
0.000020919870800 0.999978905550035 0.000000002417985 0.000000125073897 0.000000001323877 0.000000045763404 
0.003564752571667 0.005870939350027 0.794803287234305 0.022049288782164 0.173085319044546 0.000626413017292 
0.014438632381370 0.050751969169973 0.113461028706717 0.733558551014518 0.064036377386525 0.023753441340896 
0.013830008532655 0.001712821075021 0.945800598156097 0.010638094320367 0.024900696193138 0.003117781722722 
0.009697967778625 0.000001748733191 0.792621935861279 0.197404782902416 0.000268685522716 0.000004879201772 
0.000000140745745 0.000002754317712 0.000044445723913 0.000001719596650 0.999949200721148 0.000001738894832 
0.000347270191589 0.000012038178332 0.000725872316718 0.998753346822958 0.000073485133986 0.000087987356416 
0.045740632079825 0.020884912482071 0.684779581379446 0.075163144228550 0.165438083579300 0.007993646250808 
0.000886784135430 0.690811027083882 0.197152257103407 0.097461390910626 0.010315899119292 0.003372641647363 
0.000321391738462 0.000007993899978 0.066316150787151 0.928085135243038 0.005267592721699 0.000001735609673 
0.000112312003404 0.000248362840381 0.995848825058678 0.003054742997850 0.000722399162648 0.000013357937040 
0.000001662002199 0.000001298971789 0.999712503108590 0.000258414018019 0.000021582008326 0.000004539891076 
0.000001460957414 0.000004776279918 0.128091737272679 0.871648899514879 0.000217789278654 0.000035336696456 
0.000158164718312 0.080248793847692 0.003392956726496 0.000082644395419 0.853155417509978 0.062962022802102 
0.006147096576167 0.000116746993883 0.009046969763742 0.974713779981003 0.009399860689565 0.000575545995641 
0.002238300522346 0.000838003403151 0.016489567076550 0.975028676666249 0.002424625022487 0.002980827309218 
0.000000000983642 0.000005170095013 0.283492533813786 0.000011666145099 0.715746308950433 0.000744320012028 
0.000004455772645 0.000000228451917 0.999190249269522 0.000019066263783 0.000775463161982 0.000010537080151 
0.000004053797479 0.000258057929030 0.975284098724746 0.022712803853017 0.001556974962099 0.000184010733628 
0.000022405748167 0.000000096283101 0.999976982819632 0.000000254696546 0.000000236600442 0.000000023852113 
0.000084515521594 0.007417335725200 0.990995433170094 0.000756918211749 0.000691570573867 0.000054226797495 
0.012156823189142 0.000012288401752 0.367804148565719 0.619802321873997 0.000219090715592 0.000005327253798 
0.000000001371460 0.000000006390201 0.000000057207427 0.999999900200838 0.000000034036917 0.000000000793157 
0.000000000000000 0.000000000010683 0.000000005620585 0.000000000001171 0.999999994148989 0.000000000218571 
0.041626323434947 0.000033601073673 0.880000734409482 0.074595690841915 0.003166987251177 0.000576662988806 
0.000107693720066 0.000003787064849 0.000136805645546 0.906151031847396 0.093596781196700 0.000003900525443 
0.013974780836790 0.012231252253442 0.009707359764284 0.301040358271975 0.648151416437841 0.014894832435669 
0.000000547958443 0.000291305973814 0.018597718133573 0.006748625754309 0.118936399493790 0.855425402686071 
0.000000176261172 0.610822414618981 0.037892047812439 0.294846909213997 0.055820783813900 0.000617668279511 
0.000355091620393 0.000197639732754 0.029107927588845 0.880500559006324 0.000649527932791 0.089189254118893 
0.000001264047819 0.000351783921015 0.567711772629229 0.000052537075815 0.431813528200944 0.000069114125178 
0.057419706058675 0.070378411093793 0.098617857477985 0.181229386123510 0.567512942654126 0.024841696591912 
0.000000061358820 0.000035597437128 0.976015400502651 0.023828643501121 0.000021416542651 0.000098880657630 
0.415677183988894 0.000189039169189 0.159386004120431 0.015058444933773 0.409640095767065 0.000049232020648 
0.000188737391683 0.001085251012202 0.937354276991582 0.009282810048272 0.051940109159951 0.000148815396310 
0.000005476355421 0.005496021855966 0.993411055553523 0.000009900941074 0.000954294678051 0.000123250615965 
0.991724676892584 0.001032795832410 0.003940570561179 0.000639541046519 0.002636310825571 0.000026104841737 
0.000000000000001 0.000000000000003 0.000000000000001 0.000000000000057 0.000000000000024 0.999999999999913 
0.000943441823984 0.114712319441057 0.019088144282453 0.865214474962236 0.000026243876959 0.000015375613312 
0.000073434948269 0.000017506512538 0.998863045613447 0.000000454145775 0.001045272563552 0.000000286216419 
0.000036354205832 0.000316882138235 0.021475754950002 0.977936385172813 0.000145541300864 0.000089082232255 
0.711834297921048 0.010137122255871 0.061342760239521 0.206643514542371 0.008561412230014 0.001480892811176 
0.000000000000000 0.000000000000000 0.000000000000000 0.000000000000000 0.999999999999957 0.000000000000043 
0.002281819069649 0.000232488844077 0.000282551897424 0.995083807672844 0.000562866367133 0.001556466148873 
0.000005596357578 0.000008079871376 0.999465538497682 0.000508807602323 0.000011503323040 0.000000474348001 
0.258675176194202 0.000191090742646 0.647347424929251 0.009769537524326 0.083327041857329 0.000689728752245 
0.005258636750826 0.001360730680181 0.717047309014284 0.174906548079001 0.033204111888336 0.068222663587372 
0.000003141366543 0.000000238043205 0.000003433554116 0.999986352283427 0.000006752581729 0.000000082170979 
0.203878594025485 0.000671765934667 0.671836286363417 0.087438587461171 0.004058626798208 0.032116139417052 
0.008474390502386 0.709903278689508 0.069612819149118 0.203636946344078 0.007987507299413 0.000385058015498 
0.000000218699556 0.000003231911045 0.990023161246164 0.009971174077296 0.000001980587696 0.000000233478243 
0.000677446469080 0.000681843757624 0.956686028013622 0.018110561171080 0.023718498194231 0.000125622394362 
0.000047580976206 0.000193224557288 0.996697927722653 0.000866569247086 0.002181401898517 0.000013295598250 
0.213035344901461 0.000307610191510 0.741368713380746 0.001155159108135 0.043566481878415 0.000566690539733 
0.026216951383990 0.039665397214762 0.783409228279479 0.009669196373976 0.133081962916776 0.007957263831016 
0.306182794885389 0.004758927332367 0.660325101982738 0.005459036410044 0.022305165591259 0.000968973798203 
0.000003798152138 0.000045645027251 0.967513511378482 0.002393116257466 0.029944312001737 0.000099617182925 
0.799860064645914 0.002292577643766 0.026650523479454 0.165915196468836 0.004157802931018 0.001123834831012 
0.001875012356454 0.005530483531020 0.124846533311152 0.833067981690127 0.026383891395555 0.008296097715692 
0.000059503083924 0.000291374138844 0.991731953770856 0.000506015925373 0.007163529904298 0.000247623176705 
0.000038023152138 0.000000145432858 0.999578771772958 0.000000345466100 0.000382549953068 0.000000164222878 
0.000007903833047 0.000083473384924 0.007633851934802 0.000320165432133 0.067861750762086 0.924092854653008 
0.000878157075238 0.000303364629233 0.634083215042454 0.000160480987694 0.333179105530440 0.031395676734941 
0.000000000004445 0.000000000004094 0.000000000001489 0.000000000148348 0.000000001002040 0.999999998839584 
0.577300656077535 0.000011463733889 0.383190861719415 0.039364452904638 0.000018446939528 0.000114118624995 
0.002341069565833 0.001181657252414 0.151742939907001 0.812257903074411 0.027585131239594 0.004891298960748 
0.001991472794631 0.001481702053002 0.991660154900905 0.000370130535395 0.000360559049350 0.004135980666716 
0.014919566503320 0.000001845423552 0.980069551060547 0.004910636366481 0.000069159734273 0.000029240911826 
0.067282795934209 0.000033477375433 0.003364951572601 0.928940390471283 0.000260186804135 0.000118197842338 
0.000029895311144 0.000002032233938 0.999925094998563 0.000033203113451 0.000006472715004 0.000003301627901 
0.000000005291909 0.000000141912271 0.999893223024881 0.000000259604431 0.000001981221899 0.000104388944609 
0.000000463975549 0.000000329416153 0.000011046404343 0.999986018278189 0.000002058271548 0.000000083654218 
0.000355942981326 0.000067843294507 0.043424564106355 0.001949787269824 0.953219568445569 0.000982293902419 
0.892954249889612 0.091058790524611 0.008992360177154 0.000595303063696 0.006338685088429 0.000060611256498 
0.184945164046700 0.001692585718456 0.481529439493830 0.055025205968267 0.248946339837904 0.027861264934843 
0.030514510328893 0.014127572989174 0.844179727304529 0.005494872688444 0.105011032804821 0.000672283884138 
0.000208653852721 0.521694095876343 0.009365112914321 0.468521219407741 0.000198596806587 0.000012321142286 
0.283140971244563 0.000572561517730 0.015285213225408 0.161243380750352 0.538827188904079 0.000930684357869 
0.000000664265343 0.000002495493245 0.999885851528807 0.000084612787103 0.000020625772849 0.000005750152654 
0.604015440563905 0.000868923457656 0.289237966114521 0.098993061463938 0.006401739571348 0.000482868828632 
0.015254726801404 0.000162208685478 0.483498595108001 0.497272621154900 0.001442515420145 0.002369332830072 
0.000000284488402 0.000064485939436 0.000035758113942 0.200712177241519 0.799184575969648 0.000002718247053 
0.000010971482315 0.000331946028063 0.993619275495599 0.004802007744890 0.000300786102624 0.000935013146508 
0.789119021901820 0.002662451090377 0.169543098181117 0.004580861867300 0.030475532881006 0.003619034078380 
0.000003954493534 0.970709509188507 0.006618423879191 0.022665121767928 0.000002641752535 0.000000348918306 
0.005815738760213 0.001154232731839 0.067956365935231 0.070661143278084 0.852442554204614 0.001969965090018 
0.000391078101970 0.008544365076875 0.050043469130301 0.000182698506605 0.940039607805832 0.000798781378416 
0.000030134651387 0.002478740180845 0.503100745601441 0.002754980706543 0.480842820170699 0.010792578689085 
0.000009126534885 0.000246207848515 0.830784813841673 0.138259286906498 0.030343454070540 0.000357110797888 
0.021059382627136 0.002390365280574 0.413152259183978 0.197320673841019 0.353306584499410 0.012770734567883 
0.002942363642272 0.000685233322659 0.974782255441715 0.021356456759890 0.000206574143686 0.000027116689778 
0.005499669006517 0.044953827604962 0.870543657179874 0.045009289859853 0.015996739333166 0.017996817015627 
0.000018959670281 0.000091055308392 0.999703592392141 0.000005382829183 0.000179656394371 0.000001353405632 
0.000116384281087 0.000408466737066 0.001138622507450 0.998308358451449 0.000023651522377 0.000004516500571 
0.550707867339443 0.000029214926531 0.001433249841527 0.443920051592388 0.000785303102600 0.003124313197512 
0.452414951094672 0.000780547089859 0.210768377191829 0.164264805296278 0.032702377840443 0.139068941486918 
0.440734198832670 0.000190520013917 0.550783588137293 0.001936848117215 0.004412449467197 0.001942395431709 
0.089424446497271 0.552578273887043 0.189453781097216 0.160349385766379 0.006571585289497 0.001622527462594 
0.087666777527997 0.028502819382592 0.615311108935882 0.051782797943859 0.187096964290965 0.029639531918705 
0.252607020197492 0.002196829097367 0.676562615458787 0.068060362911395 0.000474399730818 0.000098772604140 
0.000015139493172 0.000005434658969 0.999876221035382 0.000023570991243 0.000078846251397 0.000000787569838 
0.037463092738311 0.003115146727604 0.034787086999780 0.917824553987711 0.004249635670590 0.002560483876004 
0.000984001403193 0.013444418574910 0.227618741771261 0.733143932956168 0.020354907631733 0.004453997662734 
0.011724285525429 0.001558558532519 0.024328910519274 0.942363778214688 0.019774700664619 0.000249766543471 
0.000002105543829 0.000066041529892 0.033691598578548 0.000056380524293 0.004189592634501 0.961994281188938 
0.000007913242948 0.000001261192470 0.902142418517015 0.096767616645399 0.001075425502479 0.000005364899688 
0.000996265522505 0.000173827218878 0.995551178407225 0.001939209725192 0.001090628932283 0.000248890193917 
0.000970014359970 0.001625342554765 0.991883436148324 0.001600227163728 0.003760139645595 0.000160840127619 
0.021903705856215 0.025914841609143 0.023750791106793 0.927530649933137 0.000887094147946 0.000012917346767 
0.000000296274963 0.000083274524563 0.005103912466145 0.986158799451711 0.008650156349312 0.000003560933305 
0.076144467348028 0.003574060777493 0.094505914708291 0.821870156442431 0.003335832995848 0.000569567727909 
0.000071074396315 0.000107281601155 0.007397054532994 0.991740901227809 0.000626227775705 0.000057460466021 
0.000000167027448 0.000313363193555 0.999402501245253 0.000030243306300 0.000253482016741 0.000000243210703 
0.002064772072031 0.470601114046744 0.185887907385135 0.217621353830797 0.049464727686300 0.074360124978992 
0.000000000012095 0.000000005134773 0.000000244845056 0.999999749718101 0.000000000266912 0.000000000023063 
0.013293490871357 0.024681537814843 0.941658335163949 0.000363779453214 0.014224822576201 0.005778034120437 
0.000001223735476 0.000009035561290 0.015520826498636 0.000197449735094 0.984134689359243 0.000136775110261 
0.000000124008042 0.000001371810139 0.999990578906683 0.000004973989015 0.000002104696207 0.000000846589915 
0.002234510829070 0.000010297947615 0.897685097336734 0.099987915699949 0.000074023648366 0.000008154538266 
0.000176485581078 0.000555844833813 0.990494090996877 0.000216659972898 0.008346371557789 0.000210547057546 
0.076446101082343 0.019427254115389 0.865931608562573 0.034015147207054 0.003971825971882 0.000208063060759 
0.000118095125965 0.127870134281925 0.005519157230322 0.569332813695185 0.296709982838180 0.000449816828423 
0.000000793256723 0.000114298291923 0.001205339473361 0.990892793045910 0.007753748066165 0.000033027865917 
0.000000948063201 0.000007883452079 0.003399575633353 0.996541326169993 0.000050199541294 0.000000067140079 
0.000000000162457 0.000000009259211 0.000000000006738 0.999999990527146 0.000000000018330 0.000000000026118 
0.000000003325243 0.001884348758526 0.000363024946119 0.997370459345139 0.000357293493257 0.000024870131716 
0.000000081195023 0.000000598522397 0.002281797224706 0.000000782625229 0.997700757240680 0.000015983191965 
0.171537479064259 0.021661051358060 0.342974389963227 0.371443133420316 0.044403921142018 0.047980025052120 
0.006226101037795 0.037857351954870 0.568522164576390 0.012926640026197 0.371883376188966 0.002584366215781 
0.039540056773805 0.002780684870339 0.494955200087392 0.429583980688352 0.031663381441528 0.001476696138584 
0.002172909512111 0.000482442786946 0.461631548342979 0.410131179485046 0.116899788412452 0.008682131460465 
0.000181584095380 0.003063670181104 0.716288918366817 0.279981520518073 0.000424468960028 0.000059837878599 
0.000001146766142 0.010501012187726 0.539186030452771 0.412741154263077 0.035863736203151 0.001706920127133 
0.999885121627881 0.000000039662294 0.000108881014184 0.000005866549684 0.000000028544976 0.000000062600981 
0.009928044493991 0.006225000542874 0.753209590388217 0.026433510161999 0.196586694925219 0.007617159487701 
0.000000982350998 0.000008252394470 0.000039787126177 0.000022777959893 0.399070510005255 0.600857690163207 
0.000992381925882 0.000019259761808 0.035698288988226 0.963269050027311 0.000004568103086 0.000016451193687 
0.002957943950397 0.000194980527502 0.989178119120177 0.007414180243209 0.000129389818244 0.000125386340472 
0.985074881494117 0.000042105271183 0.012394435973609 0.001389482895226 0.001098188122198 0.000000906243667 
0.000105662652610 0.000089323221795 0.042163554800975 0.000007421131187 0.956562584608031 0.001071453585402 
0.303355194604993 0.025986167529987 0.642562686387664 0.003016099313166 0.025024778609082 0.000055073555108 
0.018624414355369 0.000448637673512 0.012472214370687 0.938356855635409 0.024158839060108 0.005939038904916 
0.000000000702566 0.000000034227677 0.005303696563387 0.000001840393341 0.994692895951776 0.000001532161251 
0.001373145304969 0.000151584500789 0.521504525086268 0.475529039422890 0.000994761719355 0.000446943965729 
0.002374907724296 0.702973069987019 0.262980157826196 0.005750107692727 0.025388227537405 0.000533529232356 
0.000002862986388 0.000000584110134 0.000000106033974 0.999993713686467 0.000002695617407 0.000000037565631 
0.014686845151796 0.000593096954818 0.932783013777662 0.007282466468894 0.037942452558577 0.006712125088252 
0.000000013497831 0.000006598179191 0.999993172856739 0.000000000939234 0.000000214392621 0.000000000134384 
0.038586955949597 0.005015425636995 0.021197606844086 0.927102647782958 0.007175728507179 0.000921635279186 
0.024798272873122 0.014656501252583 0.527898488467896 0.054416532205674 0.177667887780126 0.200562317420600 
0.000010110889820 0.000001319948926 0.999552585203358 0.000366465008881 0.000061793244306 0.000007725704709 
0.003134368810365 0.077579158680149 0.005233434828125 0.254623966952927 0.008163294436052 0.651265776292381 
0.000000000131797 0.019622874356766 0.001037470920993 0.978133285773690 0.001038664698843 0.000167704117911 
0.000239087042242 0.000254135522813 0.281421177680434 0.365304919283055 0.350244821561554 0.002535858909901 
0.000745778257881 0.026711736432633 0.130630540298794 0.841245082598012 0.000592782951667 0.000074079461013 
0.000278555240027 0.729778533327169 0.268835887319309 0.000439530181926 0.000439974331668 0.000227519599901 
0.000165732147529 0.000447753526093 0.952897780422501 0.046399915451496 0.000041943057142 0.000046875395240 
0.323963132788899 0.001526320171242 0.459771543536907 0.093335424688738 0.104013502415198 0.017390076399016 
0.080076525775869 0.001058235342524 0.913545104107684 0.000709888580346 0.004168114393153 0.000442131800423 
0.000718396562956 0.000010816424140 0.998096987737135 0.001064995372084 0.000098254959974 0.000010548943710 
0.057935500573890 0.036549603306117 0.600421754639141 0.041009975118220 0.254225668867330 0.009857497495302 
0.000000271879347 0.000000112161342 0.000024676913057 0.999952555650605 0.000022033656219 0.000000349739430 
0.000003149871102 0.000000057594485 0.003120509385348 0.996875864347564 0.000000395360027 0.000000023441473 
0.057109998892859 0.000038258069000 0.019992140339494 0.911898977168878 0.000316275760317 0.010644349769452 
0.964935974438664 0.000117995563982 0.025730106139358 0.000752835715273 0.008080871708312 0.000382216434411 
0.000012219565522 0.000039596011696 0.993807096035360 0.006111933181437 0.000028799222736 0.000000355983249 
0.000017095156802 0.000501054659249 0.995942889866729 0.000063654192791 0.000431024613099 0.003044281511330 
0.998512350040686 0.000050043959059 0.000270460158844 0.000047633285895 0.001111240013827 0.000008272541690 
0.000410706398133 0.000039353644946 0.999518157605963 0.000019702757478 0.000010722224028 0.000001357369451 
0.000201986098988 0.000071338694362 0.974138605693834 0.010543120892674 0.014844561944509 0.000200386675633 
0.163769481259420 0.454923756583820 0.288005574819924 0.092199972930054 0.001062601170909 0.000038613235872 
0.000003628294213 0.000000033262775 0.000000209170331 0.000000848337798 0.000002214909675 0.999993066025208 
0.000000844427617 0.000057984187405 0.005068872789733 0.994866406622247 0.000003754757650 0.000002137215348 
0.000224048179102 0.000051352884802 0.307601721761718 0.004363117544639 0.679465075568839 0.008294684060899 
0.123842789007619 0.002289636177853 0.569439720338003 0.274511438569485 0.025855928852285 0.004060487054756 
0.000000052136153 0.175352471951342 0.000188384173288 0.796389249897846 0.028055875456626 0.000013966384745 
0.000004191321130 0.004136267084931 0.097096051555807 0.736191820743184 0.162360749911867 0.000210919383081 
0.999999980124299 0.000000000117034 0.000000011112680 0.000000008541194 0.000000000058671 0.000000000046122 
0.026301228250091 0.003092610757808 0.771398915291632 0.030108473375105 0.017073672199924 0.152025100125438 
0.002857544169123 0.001910776251377 0.964924223927501 0.029139352314203 0.000904610851436 0.000263492486360 
0.012906149291884 0.000026226731216 0.984135791556752 0.001792013570022 0.001113262492807 0.000026556357319 
0.026443300020242 0.003383449728883 0.106176820136888 0.397595763225165 0.445445907084631 0.020954759804192 
0.000060926943141 0.000000544489562 0.999792956463874 0.000000913450121 0.000143314783326 0.000001343869975 
0.044639048240240 0.018836636379007 0.001460508579319 0.000460710561255 0.061446674480546 0.873156421759633 
0.000364028821398 0.000091492137915 0.924846488336869 0.069083627617751 0.005578577218879 0.000035785867188 
0.465883217162370 0.000249198626373 0.168383648137238 0.009009008271180 0.350897793962360 0.005577133840478 
0.000009450245617 0.000205147807666 0.146718451355970 0.852868567827366 0.000191401005488 0.000006981757894 
0.019836004853671 0.016180595462245 0.673825862520002 0.274810484635802 0.015022344308983 0.000324708219297 
0.122545668753486 0.001960959249758 0.014243743628044 0.797437743201550 0.061382437906670 0.002429447260493 
0.001268414224683 0.003161344710205 0.382549278743993 0.003160143627435 0.601404334745341 0.008456483948343 
0.000018983220512 0.000033855093409 0.002875452861965 0.997069203262501 0.000002386112465 0.000000119449148 
0.000000007726222 0.000000397768430 0.000418850779684 0.000000662983432 0.999574254776817 0.000005825965414 
0.000000000260889 0.000000122322205 0.999882755894619 0.000000008340795 0.000117095905832 0.000000017275660 
0.636731872323490 0.000046141092176 0.284717837044007 0.005644996877123 0.072600270258327 0.000258882404878 
0.019890015111246 0.002829267523700 0.204030165417557 0.049701785231406 0.619868806114222 0.103679960601868 
0.000890363514694 0.000001331567504 0.726734741601491 0.000001380708568 0.272342793714479 0.000029388893263 
0.674195939937231 0.006685565375579 0.126789823279831 0.187097670143662 0.004765206060355 0.000465795203341 
0.000013422795790 0.000005844286048 0.912738262506991 0.084275328660504 0.002966281537938 0.000000860212730 
0.000000004368697 0.000001008526555 0.000000047281764 0.999998851377157 0.000000086205561 0.000000002240266 
0.003907977102610 0.009477682980522 0.907360536059914 0.041563907190431 0.022269919689782 0.015419976976741 
0.000136169796107 0.028748406189250 0.755180904238934 0.208116356347881 0.001186475714868 0.006631687712959 
0.000638329909920 0.000276515050006 0.098232780264039 0.870850195699877 0.028923949978527 0.001078229097631 
0.489520909948627 0.000606820151871 0.360235209566880 0.148919691588039 0.000520142315088 0.000197226429494 
0.026254937261563 0.000290469719915 0.960058343895611 0.004464231385953 0.007943190792003 0.000988826944955 
0.000000393272904 0.000009341029819 0.999827961972054 0.000161413356290 0.000000574864168 0.000000315504765 
0.016265637303554 0.000871363320904 0.130061022175270 0.791558464207882 0.059979674210434 0.001263838781956 
0.000000000004835 0.000000000010213 0.000000000001515 0.000000000064688 0.000000000000708 0.999999999918040 
0.103298626564138 0.007537044133577 0.823036113831879 0.048195713252605 0.013382261755455 0.004550240462345 
0.245910437406846 0.000179486980460 0.021069792803753 0.731931839404986 0.000562230930041 0.000346212473914 
