0.002880925076436 0.000000017543474 0.000000124037260 0.987277790985843 0.009841138933766 0.000000003423221 
0.999999999997427 0.000000000000000 0.000000000000000 0.000000000000000 0.000000000000099 0.000000000002473 
0.862346853541040 0.000000000434764 0.000000040619901 0.000008475677160 0.137342467862013 0.000302161865120 
0.979690891888039 0.000033496949817 0.000000000000714 0.007646340026674 0.000001769491796 0.012627501642958 
0.999976908648368 0.000014740863488 0.000000008680879 0.000000587403951 0.000003424897233 0.000004329506081 
0.000000002146477 0.000000000003022 0.000000000000047 0.999999268604181 0.000000729219734 0.000000000026538 
0.530212993730644 0.000000001217159 0.000000010659051 0.000000154757497 0.469739741939784 0.000047097695865 
0.000004771915383 0.000000000043435 0.000000000013478 0.000028013254473 0.999967214770228 0.000000000003002 
0.999993882195251 0.000000114669000 0.000000003875287 0.000000183249703 0.000002918901188 0.000002897109571 
0.039041831452407 0.960614969546876 0.000000010909612 0.000190071430523 0.000129523450752 0.000023593209832 
0.003405858564383 0.000000021340520 0.000000003052581 0.000634027503829 0.995959959974344 0.000000129564343 
0.186168607514052 0.000003808129159 0.000000704869947 0.000023048208270 0.070338039515247 0.743465791763326 
0.063963234997819 0.000034336321993 0.002607921294551 0.064048362697738 0.868153432974887 0.001192711713012 
0.000047075886784 0.000000000004076 0.000000000010243 0.000062562803740 0.999890360092232 0.000000001202925 
0.000000119146696 0.999921637382978 0.000000000000071 0.000078085329155 0.000000119802490 0.000000038338610 
0.078619540383478 0.001533296931050 0.003073906640378 0.000287984181393 0.405321376203818 0.511163895659883 
0.999245571988509 0.000001391983690 0.000000000000005 0.000022566485096 0.000000001235457 0.000730468307242 
0.002089362222574 0.000000001249208 0.000000939839786 0.189738889792598 0.001795832787368 0.806374974108466 
0.000000000142428 0.999999997817552 0.000000000000000 0.000000000000003 0.000000001671090 0.000000000368927 
0.000000023202170 0.999999969120268 0.000000000000021 0.000000000092195 0.000000000041012 0.000000007544334 
0.000000000046482 0.999999105312168 0.000000000000416 0.000000000000574 0.000000065777310 0.000000828863050 
0.191839721151786 0.000000000283674 0.000000000002943 0.000000011900981 0.808160144670894 0.000000121989722 
0.628067825054916 0.259484809239462 0.020325010302387 0.002492405135915 0.052292719888872 0.037337230378448 
0.004013150320929 0.050361981196294 0.001992413163548 0.010491428065935 0.037520728830728 0.895620298422566 
0.967579035586003 0.000029877999028 0.000017492153187 0.000694798858244 0.031676247572584 0.000002547830954 
0.832441495236568 0.135038907874543 0.000055332377330 0.000323995044971 0.028006676926068 0.004133592540521 
0.999871660794334 0.000000457637547 0.000000000051213 0.000000003891628 0.000040281898952 0.000087595726326 
0.281028206781504 0.000033550451582 0.000075127774450 0.671285844685569 0.044517619040312 0.003059651266585 
0.999707983597350 0.000088730039757 0.000000001283055 0.000032846050156 0.000010887251297 0.000159551778385 
0.000006802107105 0.998947428989815 0.000000000007403 0.000042935862508 0.000997964228629 0.000004868804540 
0.999997555662731 0.000000000498911 0.000000000000559 0.000000000004707 0.000000132676441 0.000002311156650 
0.329041534159661 0.666042835769101 0.000011518094867 0.000261718438956 0.000075770517472 0.004566623019944 
0.324016280819889 0.000002046291321 0.000000271948938 0.000071589401764 0.675838244397166 0.000071567140922 
0.999538238001594 0.000000003476076 0.000000000012469 0.000000062833852 0.000000298747271 0.000461396928739 
0.000000000949031 0.000000000003557 0.000000000746511 0.999999875903970 0.000000010069768 0.000000112327163 
0.999998873514445 0.000000000123068 0.000000005745028 0.000000450124725 0.000000267759372 0.000000402733362 
0.003642965075773 0.979737649578560 0.000017121930210 0.000483272226245 0.015796917582949 0.000322073606262 
0.015003160898618 0.046365790123121 0.000033019463296 0.004134903147035 0.933734284214002 0.000728842153928 
0.999304911055562 0.000000110705166 0.000000021994678 0.000000165977213 0.000622768728361 0.000072021539020 
0.993364097457105 0.000012164143172 0.000511736344331 0.002878494058242 0.000038731086252 0.003194776910897 
0.312775068587609 0.000000009702512 0.032568458895802 0.000529300636012 0.000390703742303 0.653736458435761 
0.006328515328894 0.000000000000057 0.000000000000034 0.000040661469244 0.993630754649932 0.000000068551838 
0.999809640044304 0.000000024928094 0.000000000666247 0.000000996954826 0.000188159532456 0.000001177874072 
0.999990112319561 0.000000000000101 0.000000000000759 0.000008869342526 0.000000703688614 0.000000314648439 
0.000000000000000 0.000000000000000 0.000000000000000 1.000000000000000 0.000000000000000 0.000000000000000 
0.094701806100145 0.901556822591113 0.000001028116359 0.000422755649255 0.000018575404200 0.003299012138927 
0.708324436943662 0.142915312279067 0.000001325616338 0.002635893550881 0.145324944691521 0.000798086918532 
0.559634718994721 0.004407441151884 0.000104657128318 0.010131144401375 0.091717599296924 0.334004439026777 
0.999968904977352 0.000000008659307 0.000000000207127 0.000000820810069 0.000030244352186 0.000000020993959 
0.000000000000000 0.000000000000000 0.000000000000000 0.000000000000000 1.000000000000000 0.000000000000000 
0.999895086576361 0.000000239983679 0.000000027731277 0.000000251346111 0.000089170978993 0.000015223383578 
0.002264888119274 0.000014932658220 0.008589627427607 0.000947494982315 0.987528505068464 0.000654551744121 
0.840022642608959 0.000000000000010 0.000000000000002 0.000000000005534 0.159976806757518 0.000000550627978 
0.872847177046535 0.045292908980356 0.000000001737941 0.000016678921967 0.066358408723794 0.015484824589407 
0.168802470096157 0.002305072698258 0.000008105594435 0.000784498369917 0.820356675104336 0.007743178136898 
0.001221776798568 0.000006451195552 0.000000097692105 0.465433947809499 0.009029257981877 0.524308468522399 
0.999999270820521 0.000000001481574 0.000000028808345 0.000000011292684 0.000000629801133 0.000000057795742 
0.000000729255597 0.000029194315194 0.998379761209926 0.000000234080315 0.001492188338697 0.000097892800271 
0.153715572485573 0.000860369752661 0.001046836713120 0.000025102545160 0.840707637524156 0.003644480979331 
0.999997167235270 0.000000000001662 0.000000000005218 0.000000031098140 0.000001413682109 0.000001387977602 
0.999969996989389 0.000000139271579 0.000000000575093 0.000001293052309 0.000000033423720 0.000028536687910 
0.997204676207860 0.000000563364362 0.000048150538403 0.000003751783474 0.001263310985859 0.001479547120041 
0.947052559937664 0.000000002685334 0.035226357434891 0.000500031387847 0.002375729606780 0.014845318947484 
0.999999592492344 0.000000000010443 0.000000000051671 0.000000006863005 0.000000019294372 0.000000381288166 
0.000000031057453 0.999999965399690 0.000000000000329 0.000000000271166 0.000000001690333 0.000000001581029 
0.420909813402201 0.390640848093385 0.000020818538624 0.017174360289164 0.147591539606850 0.023662620069776 
0.281980356712608 0.000062449778545 0.000184544511744 0.000430819535140 0.716169887216338 0.001171942245626 
0.394297546981331 0.328332173386740 0.000000003573074 0.000214274113302 0.276944138466892 0.000211863478659 
0.999963398604565 0.000001949509799 0.000000003159517 0.000000107775379 0.000000351608814 0.000034189341926 
0.999995449458253 0.000000184964014 0.000000000001616 0.000000495302797 0.000003429813915 0.000000440459406 
0.827800263974952 0.000000005043057 0.000244277574026 0.067407878191513 0.104079174024157 0.000468401192295 
0.006183314840130 0.000000190775066 0.000001360278949 0.000155427562730 0.993659417453989 0.000000289089135 
0.474465003442653 0.000093374952963 0.000000610988672 0.001138436535186 0.271555859093860 0.252746714986666 
0.999999004271054 0.000000000025556 0.000000000000012 0.000000038164846 0.000000086779884 0.000000870758648 
0.999470127557447 0.000000000012921 0.000000000097496 0.000000000171764 0.000529631003939 0.000000241156433 
0.068880997077923 0.127656151845138 0.000002894335684 0.000303829173618 0.802603112297407 0.000553015270230 
0.000855749587932 0.999007730543207 0.000000000064743 0.000020933333565 0.000000410884879 0.000115175585673 
0.999952688037271 0.000001816156119 0.000000000449656 0.000000049697694 0.000000827396914 0.000044618262347 
0.390227769852068 0.121311375799820 0.000000001936266 0.485617168285394 0.000146658370650 0.002697025755803 
0.017146060746930 0.010721471930555 0.000000000143200 0.000256034379953 0.000000210370237 0.971876222429124 
0.999988214034095 0.000000025698023 0.000000079403627 0.000000677232100 0.000000150629631 0.000010853002523 
0.062636606343149 0.000015578241298 0.000390720375530 0.000006684591836 0.002498773154099 0.934451637294088 
0.001456443359388 0.004922110532270 0.000000000937469 0.021619753453097 0.972001559124289 0.000000132593488 
0.001203775447527 0.000001929537049 0.423259228263984 0.506789040907718 0.065036901495154 0.003709124348568 
0.449029154302611 0.002874493593278 0.000000015907145 0.096352931243363 0.013165342614600 0.438578062339003 
0.827971216839346 0.000005959303850 0.000000573162315 0.000067758754593 0.145825163159311 0.026129328780585 
0.000956425554356 0.000000642173318 0.000000754019503 0.000018008825703 0.000141148560256 0.998883020866865 
0.999993909791874 0.000000000041688 0.000000000787667 0.000000000027189 0.000004145960421 0.000001943391160 
0.005374215820671 0.000002383042300 0.000000031099235 0.983377101368485 0.000115283573370 0.011130985095939 
0.999999953570086 0.000000000000000 0.000000000000048 0.000000000000783 0.000000046197043 0.000000000232040 
0.000332926845222 0.991558058869735 0.000000009858244 0.000001596674106 0.000228435245763 0.007878972506930 
0.999454142394568 0.000000000000010 0.000000000000001 0.000000010812255 0.000453849003506 0.000091997789660 
0.370073374039935 0.000001147237150 0.000000347878003 0.002766910332360 0.494062137748589 0.133096082763963 
0.648836636757925 0.025349012121186 0.000279422856374 0.104149875227586 0.161431510593130 0.059953542443799 
0.005232311402785 0.001513890959968 0.004774757232432 0.133799596402355 0.831559730978590 0.023119713023869 
0.000010730628755 0.000000010758256 0.003624559899028 0.000000426726559 0.996364220300550 0.000000051686852 
0.069217393738420 0.011983901238656 0.000367237017784 0.027463591599224 0.553029964629304 0.337937911776612 
0.056899373636064 0.000000413933317 0.000002895592091 0.000260177895862 0.942639890194771 0.000197248747895 
0.273409731514980 0.000011791121076 0.006867784176788 0.362350334276404 0.000011851053861 0.357348507856891 
0.007461358501353 0.000087394537557 0.000000057717941 0.961425907113850 0.023769363471776 0.007255918657523 
0.000000000002222 0.000000000053021 0.000000000000003 0.999999997679384 0.000000002264980 0.000000000000389 
0.000102033221255 0.999897906083842 0.000000000000007 0.000000000364297 0.000000042977801 0.000000017352798 
0.413101567671001 0.261201852407700 0.000049499311890 0.000012222625316 0.000225650821819 0.325409207162274 
0.999588637091106 0.000000046312615 0.000000041152077 0.000000357936068 0.000393916560080 0.000017000948055 
0.975475557682428 0.000007922290611 0.000007014997678 0.000167742049960 0.021451940415742 0.002889822563582 
0.000003418510016 0.000000000042642 0.000000001464319 0.000002341436871 0.999994230476825 0.000000008069327 
0.999999998988960 0.000000000000000 0.000000000000000 0.000000000000732 0.000000001010288 0.000000000000020 
0.999983811092744 0.000000000767213 0.000000000918218 0.000000117145839 0.000005966045836 0.000010104030149 
0.002550355682350 0.394536963396014 0.000000000527162 0.000010709788236 0.602738135378852 0.000163835227386 
0.000000000000334 0.000000000345141 0.000000002971200 0.000000000000657 0.999999996679444 0.000000000003225 
0.999392443828705 0.000009846172659 0.000000086459673 0.000011766338874 0.000038526704228 0.000547330495862 
0.998709560112009 0.000069635206833 0.000000000432477 0.000001778551528 0.000062518985883 0.001156506711270 
0.999999952088971 0.000000000002464 0.000000000000038 0.000000013391307 0.000000032956410 0.000000001560810 
0.006917544328797 0.988986657734559 0.000000000445803 0.002516001263110 0.001547531128728 0.000032265099004 
0.640116573269102 0.000001350892634 0.000000036770315 0.000000468235261 0.247524682794835 0.112356888037853 
0.050403101671132 0.000013578911894 0.018696245237808 0.010805148292282 0.919769149663602 0.000312776223283 
0.007852355475104 0.913408811207707 0.000000015134912 0.008299402691288 0.070302934980205 0.000136480510784 
0.516691090911248 0.000957696068950 0.116868011697581 0.007497729136235 0.346993203347184 0.010992268838801 
0.999997094159330 0.000002248487240 0.000000000000765 0.000000009879411 0.000000460379860 0.000000187093395 
0.000000000000000 0.000000000000000 0.000000000000000 1.000000000000000 0.000000000000000 0.000000000000000 
0.070645823098149 0.000010476495932 0.000669415045967 0.000452254134056 0.052806219975351 0.875415811250545 
0.999867514954692 0.000000805105515 0.000000000682627 0.000004938862612 0.000010580451117 0.000116159943438 
0.000495795041415 0.000000001517384 0.000000009259017 0.000002000793033 0.000000009031766 0.999502184357385 
0.000000000075734 0.999999999924218 0.000000000000000 0.000000000000001 0.000000000000000 0.000000000000047 
0.999999999999928 0.000000000000000 0.000000000000000 0.000000000000000 0.000000000000000 0.000000000000072 
0.089847364253569 0.000000019233871 0.000000000014531 0.000000006363082 0.000000010065390 0.910152600069557 
0.936918632876371 0.000066599143662 0.001508033434193 0.000924337920432 0.060551027575921 0.000031369049420 
0.999992785413940 0.000000000339049 0.000000000027085 0.000000000192027 0.000007212195001 0.000000001832899 
0.000000000096922 0.999999999568989 0.000000000000000 0.000000000000078 0.000000000221602 0.000000000112408 
0.995669351965118 0.000031018707975 0.000000000591151 0.000197553553691 0.003476219061387 0.000625856120679 
0.000031767875480 0.000018323521715 0.000000806610462 0.980223194435930 0.018965476407110 0.000760431149303 
0.995749416297659 0.000704844291184 0.000000181550925 0.000128369254911 0.002227824694050 0.001189363911270 
0.052335838878869 0.270792106609795 0.000001244354188 0.000625276324470 0.000023555672718 0.676221978159960 
0.789038832514700 0.000559991058143 0.033816726164216 0.005181898718163 0.145466458900603 0.025936092644175 
0.999998708246939 0.000000000089294 0.000000000000633 0.000000014447517 0.000001276968955 0.000000000246662 
0.263656180851347 0.000000572948862 0.000000451902508 0.000001345050001 0.710284723808863 0.026056725438418 
0.999924954981323 0.000000001173500 0.000073472817665 0.000000033430906 0.000000294568269 0.000001243028338 
0.814459896548947 0.001333737551237 0.011848878123000 0.009647138375114 0.160852080809239 0.001858268592463 
0.000000000000297 0.000000000334996 0.999999987198027 0.000000000000389 0.000000012417612 0.000000000048679 
0.007944077915601 0.000047889008660 0.000000035720591 0.000000581416457 0.000073255257040 0.991934160681652 
0.221286221858722 0.004714425130470 0.003446664614838 0.074460961780669 0.490893394513654 0.205198332101646 
0.000013909161361 0.000002538498371 0.000000013431168 0.000098658334429 0.999872163943043 0.000012716631628 
0.000000000020188 0.000000000084895 0.999999799067470 0.000000000017440 0.000000109413648 0.000000091396358 
0.005265401637858 0.000003124260784 0.003546968968775 0.028157462782292 0.002970263671539 0.960056778678751 
0.000006458820349 0.000000000161588 0.000000000133760 0.039764375105813 0.960228631200319 0.000000534578172 
0.999562062290362 0.000000000806201 0.000000000014035 0.000002899584713 0.000007114624998 0.000427922679690 
0.979832967416543 0.000024830367367 0.000000258191788 0.000020841108255 0.016729976590186 0.003391126325861 
0.999982275682158 0.000000000000362 0.000000000000001 0.000000000000003 0.000000000792825 0.000017723524651 
0.995663866460028 0.000004099167876 0.000000000110076 0.000020846894580 0.000000015694028 0.004311171673410 
0.512165730107731 0.000082220407960 0.000055015421853 0.000379404737127 0.471089578711171 0.016228050614158 
0.002005650422834 0.000222214179111 0.000138527891434 0.002733340284116 0.994874310991734 0.000025956230770 
0.091280724952893 0.000000371660278 0.000000417155980 0.000048693956534 0.030148936460239 0.878520855814075 
0.999999300061346 0.000000000000061 0.000000000006853 0.000000039307099 0.000000424357023 0.000000236267618 
0.999993660699404 0.000000000004153 0.000000020958819 0.000000123486211 0.000006118299624 0.000000076551789 
0.985746576000459 0.000007262648564 0.000000001006541 0.002561157485950 0.002084271303116 0.009600731555370 
0.063360806222075 0.000001760399463 0.016467281483605 0.600603793606119 0.319467475939601 0.000098882349136 
0.000000014785139 0.000000156530758 0.000000337323539 0.000023429831178 0.999866698023830 0.000109363505557 
0.258238788907643 0.000003880600751 0.000000002181200 0.002236080810464 0.731761539572452 0.007759707927490 
0.000268695295649 0.000001064734857 0.000030210084958 0.012088450935486 0.987543482449675 0.000068096499375 
0.012733367562514 0.000052708735144 0.001185809798075 0.000027253751847 0.985960127453055 0.000040732699365 
0.010360410715735 0.010185772365399 0.000372977150630 0.000168707620326 0.000293634900152 0.978618497247758 
0.999581494217143 0.000000066524297 0.000000016643125 0.000000024458242 0.000399351493260 0.000019046663932 
0.596806921239229 0.000410940701318 0.000101972067226 0.097015780037670 0.291544789582996 0.014119596371561 
0.979408676582672 0.002540114092449 0.000000001199926 0.000015425072613 0.000000157516396 0.018035625535944 
0.043395342370799 0.000001406419898 0.000002797559404 0.002204304669863 0.886899893855556 0.067496255124481 
0.000000000027546 0.999999935248059 0.000000000470512 0.000000000910497 0.000000059116541 0.000000004226845 
0.000007196770425 0.004447922326856 0.000000000000181 0.995501961937379 0.000040607077468 0.000002311887692 
0.999726358202238 0.000000282263818 0.000000004688310 0.000018428103780 0.000029650615341 0.000225276126513 
0.987006826071087 0.000000319675850 0.000000000320491 0.010926346200327 0.000000626348868 0.002065881383377 
0.995822513556259 0.000831668830607 0.000000000208963 0.001443526448545 0.000008143127512 0.001894147828114 
0.033381749453229 0.000005736989561 0.000000089467004 0.000002045545713 0.966604415121726 0.000005963422767 
0.999799662851975 0.000000120216644 0.000000033333919 0.000002221607873 0.000000192887184 0.000197769102406 
0.083073829754661 0.000009069571384 0.001782093376538 0.012358075395030 0.897066259773786 0.005710672128601 
0.999899200524417 0.000000006151064 0.000000000893066 0.000000011079594 0.000100720540230 0.000000060811629 
0.993919296923990 0.000000008169654 0.000000153484037 0.000004925477834 0.000189855127053 0.005885760817431 
0.806563313492640 0.180244164021183 0.000000075449455 0.000134229051130 0.013047445904775 0.000010772080818 
0.999801012902959 0.000000000000598 0.000000000004282 0.000000000437612 0.000193956043029 0.000005030611519 
0.944123816278907 0.000421585497467 0.000000044385724 0.000471005371231 0.001249474819785 0.053734073646886 
0.410427112494947 0.000000000000000 0.000000000000000 0.000000000001134 0.000000000000004 0.589572887503915 
0.000370144834745 0.721973977007620 0.000000158214175 0.268102426336252 0.003193543436041 0.006359750171167 
0.999999995543311 0.000000000009993 0.000000000000599 0.000000000076147 0.000000004275905 0.000000000094044 
0.000033311195986 0.000000005126529 0.000000012828623 0.999962998986764 0.000001485072446 0.000002186789653 
0.010486071005823 0.988291609599189 0.000000021322191 0.000019047066203 0.000612288198713 0.000590962807880 
0.353956544268057 0.028768877178590 0.000097112434740 0.002218839140187 0.477886926607622 0.137071700370803 
0.992685802966728 0.000000299539040 0.000000000038927 0.000000808220373 0.007313077633544 0.000000011601388 
0.000106916277256 0.962910812857946 0.000000005908969 0.029802455625437 0.003761586438895 0.003418222891496 
0.999937935220695 0.000000015055205 0.000000000630642 0.000001598894241 0.000027383441099 0.000033066758117 
0.999949808299301 0.000000016001071 0.000000010561081 0.000001730569188 0.000047176711245 0.000001257858114 
0.000022995960148 0.997440278480252 0.000000000064784 0.000000791351967 0.002517665984658 0.000018268158191 
0.929453122889079 0.070042091836223 0.000000000386755 0.000001006573161 0.000447564943472 0.000056213371310 
0.998780299000398 0.000005823317477 0.000000187244527 0.000040240828419 0.000344822610565 0.000828626998615 
0.338578628927549 0.000061347942328 0.000682246910176 0.082082624164162 0.396813482029487 0.181781670026297 
0.100041748379641 0.061766279887431 0.000617131951993 0.006757530973031 0.830391754377173 0.000425554430731 
0.000019999666672 0.000000028845699 0.000000462497377 0.002000526364187 0.001647189213010 0.996331793413056 
0.994120505989128 0.000000000404501 0.000000000367861 0.000000481705273 0.000000001225708 0.005879010307529 
0.092179821193883 0.000316966638344 0.000000000004805 0.000003260382522 0.000002055905794 0.907497895874652 
0.004690792903236 0.004741893984524 0.000806797663183 0.001049818855476 0.988459460550055 0.000251236043526 
0.997187288121368 0.002378353886350 0.000000571456956 0.000000036305860 0.000097712352399 0.000336037877068 
0.996351382077211 0.002385574530491 0.000000006024717 0.000001359959973 0.000461898545093 0.000799778862515 
0.999999597958856 0.000000000000265 0.000000000007163 0.000000000383159 0.000000000014867 0.000000401635690 
0.317513149036660 0.069221550099350 0.011547387625372 0.020340118809205 0.574005645572807 0.007372148856605 
0.999881892507606 0.000000201394913 0.000000324721445 0.000042497380702 0.000054831916566 0.000020252078768 
0.999999683116366 0.000000000000207 0.000000000606022 0.000000315798869 0.000000000150518 0.000000000328019 
0.750782600221867 0.000000027012418 0.247357863823244 0.000013548575443 0.001566957951821 0.000279002415208 
0.044573268861224 0.000002324720009 0.000101876327835 0.222017082354534 0.733064964687229 0.000240483049169 
0.560027865482940 0.000371181744964 0.000046213955578 0.100300084985659 0.152568937377615 0.186685716453244 
0.008242046937916 0.000034959442604 0.000000001583439 0.001708043780872 0.989983947021270 0.000031001233898 
0.008901558648741 0.000000000702997 0.009224254655188 0.000064897666611 0.007628997065648 0.974180291260815 
0.067012526342289 0.001017673929947 0.038960938303461 0.155186801499584 0.631570492253458 0.106251567671262 
0.000180003056257 0.001746896091209 0.064478933043422 0.000229257042396 0.925837331203674 0.007527579563042 
0.011311174803959 0.000000009630082 0.000000000191989 0.000488381291956 0.973113921204644 0.015086512877371 
0.007726286672492 0.000190876695723 0.003765916916273 0.001913556147844 0.846874377032318 0.139528986535351 
0.007246260498234 0.000000072084288 0.000712579027253 0.000061126398167 0.977194335255223 0.014785626736835 
0.996556237460747 0.000020576113250 0.000000079771487 0.000009065000071 0.003411682505702 0.000002359148743 
0.017391900213975 0.000021634296835 0.003596872050446 0.000412564629830 0.948625972503684 0.029951056305230 
0.000151764343835 0.000038523095643 0.000000642864665 0.000005087206956 0.999798410628800 0.000005571860102 
0.009331830987013 0.983100391766109 0.000000024304021 0.001260136745027 0.000280846012766 0.006026770185064 
0.999999379636976 0.000000000000000 0.000000000000001 0.000000000000579 0.000000620276419 0.000000000086024 
0.968713553197351 0.000956497558590 0.000347774484421 0.000260021478296 0.005125289224361 0.024596864056980 
0.999991351793467 0.000000000913444 0.000000001440352 0.000000496916095 0.000002082193509 0.000006066743133 
0.999999864970513 0.000000000374174 0.000000000003751 0.000000000677962 0.000000000324768 0.000000133648832 
0.999149999094998 0.000001511919742 0.000000000981685 0.000083768764187 0.000535049997395 0.000229669241993 
0.999907118463269 0.000035096860152 0.000000001740083 0.000016473741222 0.000030908884663 0.000010400310611 
0.998259142936218 0.000003147813812 0.000000375663375 0.000032474208311 0.000064175908538 0.001640683469747 
0.999999237419064 0.000000000000010 0.000000000001332 0.000000000316284 0.000000754009581 0.000000008253729 
0.010136519748917 0.000028384862662 0.000588464144672 0.107529015117805 0.608040030369090 0.273677585756854 
0.998793572128034 0.000314776669535 0.000000000001717 0.000749707703405 0.000003108882702 0.000138834614609 
0.999999999998496 0.000000000000000 0.000000000000000 0.000000000000000 0.000000000000003 0.000000000001502 
0.000338034668284 0.000000102102145 0.000000000003067 0.961614055181659 0.038047796809735 0.000000011235110 
0.999992035097751 0.000005401672312 0.000000001075771 0.000000123256540 0.000001704421221 0.000000734476406 
0.046452012500972 0.000357967811190 0.000003231172484 0.000015871659056 0.952947478610776 0.000223438245521 
0.003439484896053 0.989798830191606 0.000000011815737 0.000491089425057 0.000674977258798 0.005595606412749 
0.000000001237590 0.000039614315418 0.000000387712402 0.000000000334334 0.999959996237791 0.000000000162465 
0.000395551460099 0.397730887208553 0.000000177011760 0.004411194938165 0.017289607765160 0.580172581616262 
0.873305541055581 0.000050260061882 0.000003392071387 0.103697238415178 0.003023743049676 0.019919825346297 
0.764646387775790 0.232738030581075 0.000006005158007 0.000001859074471 0.000218319321319 0.002389398089338 
0.008234124198466 0.000000000006816 0.000000000279078 0.000000002965417 0.991765816011721 0.000000056538502 
0.040471855485605 0.000000767153847 0.000000038316376 0.000014658378529 0.000017966718698 0.959494713946945 
0.000071528923813 0.999911342716183 0.000000000024882 0.000009056619228 0.000002704148017 0.000005367567878 
0.295160945149000 0.000306987203198 0.000011787339872 0.056513004756220 0.180029510440344 0.467977765111366 
0.031738582909350 0.000105854800265 0.000030327301494 0.000107071661747 0.726234573958084 0.241783589369059 
0.000612490167108 0.146993535497936 0.000002487539050 0.161762402855088 0.585173631752008 0.105455452188810 
0.114193226153036 0.000000003168609 0.000000002807439 0.623876217820923 0.000148580553472 0.261781969496522 
0.000886559762539 0.000000134409864 0.000000812278950 0.995398598345189 0.003713494170419 0.000000401033039 
0.000454050996581 0.087347037438852 0.000001962510261 0.000241241956566 0.911953607691843 0.000002099405898 
0.097896146664085 0.902092611995286 0.000000000005321 0.000003526029562 0.000002209778906 0.000005505526841 
0.400176891147311 0.000009505703208 0.000000810350796 0.020319208643095 0.579338350419443 0.000155233736146 
0.004194998414175 0.000000000144136 0.000000000258643 0.000000150959791 0.994841036309093 0.000963813914161 
0.999979316190808 0.000001420742858 0.000000042963682 0.000009333068760 0.000008032654884 0.000001854379009 
0.999996163243566 0.000000000040028 0.000000000000072 0.000000000003999 0.000000292709895 0.000003544002440 
0.999999996022473 0.000000000000001 0.000000000000002 0.000000000019314 0.000000000003625 0.000000003954586 
0.986018803730863 0.000001693353198 0.000000016028622 0.000322799279423 0.012481972772168 0.001174714835725 
0.068111290672267 0.000360534724005 0.003274444036713 0.021842835977453 0.896575938423538 0.009834956166024 
0.999999811630275 0.000000000000000 0.000000000000001 0.000000188362001 0.000000000007328 0.000000000000395 
0.026084035194512 0.915328895026502 0.000032941350668 0.022458820869624 0.011086115270702 0.025009192287992 
0.029692623045967 0.000001592084098 0.010471095300781 0.004520699021521 0.938280207117432 0.017033783430200 
0.004972728524960 0.000001984950481 0.000001370895214 0.000319959673465 0.993753003595139 0.000950952360740 
0.000086792197438 0.000000041808180 0.000693157139738 0.000040405815651 0.000033070238084 0.999146532800910 
0.237067957945853 0.000183642718263 0.000011283845729 0.209953660570995 0.389695958861295 0.163087496057864 
0.834882221851659 0.157016463550180 0.000006387455203 0.000146115286286 0.001673766813245 0.006275045043427 
0.976236344204570 0.000012865766086 0.000002069257800 0.014211972071836 0.009408511074214 0.000128237625495 
0.999990473531920 0.000000000272550 0.000000001751542 0.000006352198868 0.000001693990573 0.000001478254547 
0.976721329238065 0.000099619373553 0.000000495309063 0.000006506011914 0.023089809667919 0.000082240399486 
0.166866871699279 0.000042941193988 0.392641239773544 0.007264738624734 0.415297993446895 0.017886215261560 
0.225697293347210 0.003056085019679 0.341850904923639 0.030821049796419 0.003041481376083 0.395533185536969 
0.021798100136471 0.000005812257765 0.000000000000955 0.000047744223953 0.000027898923261 0.978120444457594 
0.000000000000004 0.999999999997729 0.000000000000000 0.000000000000001 0.000000000002266 0.000000000000000 
0.725951989430959 0.016543510041006 0.000000044262793 0.000581179210652 0.000049741975860 0.256873535078729 
0.999994812231587 0.000000000179673 0.000000000029894 0.000000017171665 0.000002031603475 0.000003138783706 
0.000000046614227 0.999999952917422 0.000000000000000 0.000000000000138 0.000000000001010 0.000000000467204 
0.329640909460900 0.000000238284292 0.000000006383423 0.000002174522691 0.000004026949687 0.670352644399008 
0.053915937170069 0.912233615433622 0.000000404821679 0.018508796666255 0.000198068195582 0.015143177712792 
0.000000000000000 0.000000000000000 0.000000000000005 0.000000000000000 0.000000000000000 0.999999999999995 
0.849666346868772 0.059737725534772 0.000000012814845 0.004466493903981 0.001330421806008 0.084798999071622 
0.987542647674411 0.000003302550215 0.000000472061957 0.000001470283093 0.005381406027124 0.007070701403200 
0.003546645771480 0.000000000000019 0.000000000000007 0.000000025132802 0.000000000001889 0.996453329093804 
0.999959451908647 0.000000302951973 0.000000000466879 0.000000021759170 0.000006389461606 0.000033833451724 
0.000077169055115 0.000341891876397 0.000000109528393 0.970443571528021 0.004750183539559 0.024387074472516 
0.000000000193359 0.000023701463325 0.000000000039672 0.999976232216967 0.000000008184090 0.000000057902587 
0.000000072381138 0.999999905397127 0.000000000000002 0.000000000025901 0.000000022067496 0.000000000128336 
0.856217263648420 0.000020194482744 0.000008052555026 0.000443541085012 0.142821294024927 0.000489654203872 
0.376684469865400 0.000018621245611 0.000005182788159 0.534530016537807 0.000001550772457 0.088760158790566 
0.000000000340172 0.999999820387276 0.000000000000000 0.000000150545544 0.000000000553118 0.000000028173890 
0.004880774372077 0.001232951502004 0.000458869643695 0.001110445060178 0.955725645413213 0.036591314008832 
0.021666393078086 0.000007979515002 0.000000056901569 0.004359696103862 0.000033029055143 0.973932845346338 
0.144321279889793 0.000000170315480 0.000594122307871 0.011337229141854 0.843729482362406 0.000017715982596 
0.013543038005508 0.000000045657285 0.000000688360837 0.000021761033014 0.982571009029924 0.003863457913432 
0.725778050413367 0.009395832617421 0.001336981221005 0.254630698024624 0.001997835315991 0.006860602407592 
0.501942167043761 0.000008725765381 0.000361612134931 0.000020251324259 0.004501699121039 0.493165544610630 
0.999876797708927 0.000116973492358 0.000000000000182 0.000000019033729 0.000001082628140 0.000005127136663 
0.015080809361771 0.000000029621297 0.000000247196506 0.000014844483449 0.001467606778633 0.983436462558344 
0.000000000378307 0.000000000000103 0.000000000000040 0.000000033967895 0.999999965651487 0.000000000002169 
0.999970131051812 0.000000021547202 0.000000174015777 0.000002887397821 0.000019153600020 0.000007632387368 
0.165801110990988 0.000012687207755 0.000003784918001 0.002497891418710 0.827541240497659 0.004143284966887 
0.002730111285329 0.000096355805874 0.000718401533223 0.000000795867671 0.000000938162270 0.996453397345633 
0.759872663021542 0.002151017251737 0.002070977815926 0.008471248247455 0.004360692480650 0.223073401182690 
0.999969932210919 0.000000270333334 0.000000000063778 0.000000087347618 0.000027811524627 0.000001898519724 
0.947916869158621 0.000021901652413 0.000008712093228 0.000597363070381 0.013316938650440 0.038138215374917 
0.007947818791595 0.000008392872252 0.000007659393508 0.338291356341513 0.646470473061690 0.007274299539443 
0.841142161355445 0.014854066767588 0.000383004203050 0.000332984506923 0.142562526247973 0.000725256919020 
0.228780220379219 0.000000056133477 0.000301038175424 0.000000028130162 0.000000816104462 0.770917841077257 
0.696566650993204 0.003021382423629 0.000041225572757 0.075557464262823 0.214082934174268 0.010730342573319 
0.000004886650634 0.000165097651642 0.000000004226323 0.999806587717263 0.000016694346463 0.000006729407674 
0.985312440818458 0.001357307271556 0.000049706418452 0.000012310395508 0.002377212991826 0.010891022104201 
0.927156321084144 0.000030513690797 0.000000006824730 0.000000439045363 0.072790989905440 0.000021729449526 
0.089955559155398 0.000001057736281 0.000000000216405 0.909855468629585 0.000000017807261 0.000187896455070 
0.999998591377440 0.000000000000003 0.000000000000003 0.000000000004193 0.000001408618095 0.000000000000266 
0.994964216873552 0.000000000017085 0.000000117027311 0.000000013093387 0.000001945572061 0.005033707416604 
0.000000000055755 0.000000000000000 0.000000000000000 0.000000000001209 0.999999999942873 0.000000000000162 
0.000000010128757 0.999999726772384 0.000000000000000 0.000000250018662 0.000000012411514 0.000000000668683 
0.970298654314082 0.000014609312884 0.000000009852985 0.024498304599949 0.004597275820598 0.000591146099503 
0.999999860500899 0.000000000000033 0.000000000000005 0.000000000524365 0.000000000000859 0.000000138973838 
0.007632025470536 0.976889233464523 0.000000006380356 0.000000395169122 0.015401320792285 0.000077018723178 
0.249727911032477 0.000165857211794 0.000043482008215 0.000149527040336 0.184853194960257 0.565060027746921 
0.348343879569395 0.000025827903294 0.000047470830636 0.005031655984739 0.174413715368079 0.472137450343856 
0.922083765297381 0.000000007874003 0.000000002058313 0.001034797826749 0.076880792367827 0.000000634575727 
0.999337044998629 0.000002186030590 0.000000028251673 0.000095078073758 0.000169855382378 0.000395807262974 
0.027474917444326 0.000000302464542 0.002785210615651 0.033056013308078 0.936044946911320 0.000638609256083 
0.036366412640205 0.000005463124605 0.000258884210488 0.005384344730565 0.930177677524456 0.027807217769680 
0.959669507742052 0.002424290640998 0.000000020567857 0.036115746537932 0.000160859971034 0.001629574540128 
0.999999999045949 0.000000000002785 0.000000000000000 0.000000000000454 0.000000000904942 0.000000000045870 
0.000733375252087 0.000000173124812 0.000008897652794 0.000016551181864 0.999207267395870 0.000033735392573 
0.033802052010854 0.006314013391318 0.000000000701652 0.940076740749031 0.010030009117802 0.009777184029343 
0.999452801615084 0.000000118237875 0.000000039180473 0.000000008283110 0.000503142389125 0.000043890294332 
0.981987630462112 0.000018031387530 0.000000858424961 0.003828291851773 0.002583922806954 0.011581265066670 
0.987573155034336 0.011687858583424 0.000000005953868 0.000022509014064 0.000170533175253 0.000545938239054 
0.968552495992171 0.000001233120519 0.000000458011019 0.001127928410031 0.004807574450947 0.025510310015312 
0.176578888282803 0.000000000248833 0.000000000000000 0.000000000442904 0.000000010067539 0.823421100957920 
0.988184835173245 0.000000000021272 0.000000005998085 0.000000160367542 0.000000000215101 0.011814998224756 
0.000000000000443 0.000000000000034 0.000000000000002 0.999999925580174 0.000000074419333 0.000000000000014 
0.999999537594460 0.000000069449882 0.000000000372952 0.000000026658962 0.000000282821194 0.000000083102549 
0.001319207902165 0.000033282001699 0.000000000460576 0.000000385253685 0.000000005030362 0.998647119351513 
0.087901841033913 0.877880736609911 0.000001192540646 0.002217168095939 0.000004026252442 0.031995035467150 
0.000000053221145 0.999999946727745 0.000000000000094 0.000000000000714 0.000000000038972 0.000000000011330 
0.339611027375839 0.000005148401121 0.000001639327677 0.017900898830318 0.638793298530921 0.003687987534124 
0.999858688522321 0.000000165840174 0.000028519390847 0.000001051028529 0.000003831089535 0.000107744128595 
0.751965800757818 0.000002183537186 0.000000359344451 0.000013891208030 0.002953411211549 0.245064353940966 
0.999189618223108 0.000000000610831 0.000000001618946 0.000006470282998 0.000041441792306 0.000762467471810 
0.051946234378313 0.000000255417583 0.000000021129703 0.943021639066826 0.003411456169826 0.001620393837748 
0.999993264075494 0.000000011204653 0.000000000017210 0.000000015792878 0.000000072017497 0.000006636892268 
0.999717607803502 0.000000001761355 0.000000115123263 0.000001428151750 0.000002213429507 0.000278633730623 
0.000039216022348 0.999944840216900 0.000000000487435 0.000000720021214 0.000012645841130 0.000002577410974 
0.999985891526475 0.000000000893250 0.000000016058394 0.000014052024099 0.000000013643616 0.000000025854165 
0.000086966537624 0.999912865493493 0.000000000000001 0.000000000439912 0.000000000041473 0.000000167487496 
0.000000444217976 0.000000000007042 0.000000000000306 0.000000012738073 0.000000000001846 0.999999543034757 
0.049520907646158 0.000000000753479 0.000813853387441 0.949632395010695 0.000012732658601 0.000020110543627 
0.086796174617490 0.000000024334695 0.000009384109954 0.000124845606821 0.913051740147150 0.000017831183890 
0.010752739648579 0.000094976154242 0.000002330553638 0.268497223505895 0.715449182800985 0.005203547336660 
0.998046062475149 0.000474397087824 0.000000017826569 0.000004472755712 0.000000608124717 0.001474441730029 
0.713312218517902 0.051458683250521 0.005463268399891 0.000728403022742 0.226417178156713 0.002620248652230 
0.946490169954376 0.000000010662375 0.000003406297294 0.000069566481514 0.000000530861492 0.053436315742950 
0.021717761968119 0.009825844906347 0.007653196851368 0.001497015485314 0.030181026025025 0.929125154763827 
0.999925169329395 0.000000000024744 0.000000000000932 0.000000052097815 0.000000001145305 0.000074777401810 
0.000148754313331 0.002454543414825 0.000037917624910 0.015790867430750 0.979772853061256 0.001795064154928 
0.085965630373546 0.000050208425363 0.000000002477644 0.000003990205960 0.913978976505234 0.000001192012254 
0.017354652912033 0.140788765464736 0.000001786316947 0.773411036987001 0.038041993809671 0.030401764509612 
0.000000000045081 0.000000000000397 0.000000000101014 0.000000000038232 0.000000000009299 0.999999999805978 
0.998179291621370 0.000000943110513 0.000000118928619 0.000001941087125 0.000743261690079 0.001074443562294 
0.919209459822708 0.000919425755933 0.000024635766181 0.030502053763257 0.029183223831335 0.020161201060587 
0.186114963370689 0.000005007965999 0.004596499637314 0.035413551776086 0.706472703693356 0.067397273556555 
0.000337825982711 0.984095199539161 0.009605180994975 0.000002141759996 0.000077323499931 0.005882328223227 
0.997510863991791 0.000000004979570 0.000000000000566 0.000000002335588 0.000000720962841 0.002488407729644 
0.999641025948839 0.000000172088142 0.000021701763390 0.000002808755547 0.000002382216887 0.000331909227194 
0.999999999725364 0.000000000000042 0.000000000000001 0.000000000000001 0.000000000000661 0.000000000273930 
0.155713429238191 0.000591039354478 0.157874012522891 0.000019960046586 0.000103539440198 0.685698019397657 
0.003792764601864 0.000132603102984 0.000020172503789 0.000428381639165 0.000056314974605 0.995569763177593 
