0.000211478139201 0.003044922208097 0.180656304039662 0.814631898892767 0.000580286317383 0.000684886843328 0.000022343191246 0.000167880368317 
0.007610103445397 0.002012095598214 0.131218879545412 0.040416849511361 0.009102842843601 0.733411374751455 0.065269690130404 0.010958164174155 
0.003815635292119 0.002144844757585 0.006526515427541 0.802207398194199 0.074558732885733 0.106470417400282 0.003515167495189 0.000761288547351 
0.000009889548096 0.000008652414817 0.000073004307886 0.023315611847280 0.001052169446920 0.000937899172799 0.000454841702372 0.974147931559830 
0.665695553326186 0.162026911027169 0.004210567509173 0.164729121815044 0.000055888448772 0.000794686516379 0.001427182810970 0.001060088546308 
0.000017727090787 0.000018237757307 0.989597943973859 0.000037014658965 0.000082642826139 0.000203739867826 0.000007796571006 0.010034897254111 
0.000570364634757 0.000830440154124 0.321308135835781 0.042831361835408 0.015933878845667 0.614255267841450 0.003594089128918 0.000676461723894 
0.003135541375109 0.006952781856485 0.108099472685822 0.357917261517829 0.267447115201973 0.029387277618137 0.195476828208169 0.031583721536476 
0.093340119358805 0.110139243939903 0.342157110592535 0.290005827983627 0.054445490087557 0.071494535433365 0.031461356636161 0.006956315968046 
0.999899556373521 0.000098156202154 0.000000000149365 0.000002213245763 0.000000000168317 0.000000000398187 0.000000073436963 0.000000000025730 
0.000484148875681 0.001753453329853 0.093181310905570 0.493087762193404 0.004011507776732 0.388093843402839 0.014827998361960 0.004559975153963 
0.000023515462493 0.000055470324451 0.000429082060213 0.625282097684092 0.000173292026037 0.039163802093392 0.000868761976934 0.334003978372388 
0.122369269599193 0.042350756042841 0.008377581534924 0.388677236580042 0.024353297789449 0.005677660551707 0.345896387870546 0.062297810031298 
0.000000159331029 0.000000986845980 0.988237863090265 0.011751999788650 0.000000009806584 0.000008956940440 0.000000018028503 0.000000006168551 
0.000004600791167 0.000966231720371 0.010112608409011 0.832757932440466 0.003371787444200 0.000017655339901 0.000000790949056 0.152768392905828 
0.000000291550691 0.000701028546602 0.024387807868753 0.936672152035905 0.015263484317565 0.016842969509016 0.000153708601038 0.005978557570429 
0.000000000000000 0.000000000000000 0.000000000000000 0.000000000000000 0.000000000000000 0.000000000000000 0.000000000000000 1.000000000000000 
0.000146853758434 0.000002696873802 0.004956540274392 0.000834054919584 0.000002042967180 0.000494299323154 0.002004987792134 0.991558524091321 
0.000000000000000 0.000000000000000 0.000000000000000 0.000000000000000 0.000000000000000 0.999999999999995 0.000000000000000 0.000000000000006 
0.000000000000018 0.999999999913640 0.000000000000122 0.000000000048674 0.000000000002114 0.000000000000086 0.000000000000030 0.000000000035316 
0.000000000000000 0.000000000000002 0.000000000000000 0.000000000000000 0.000000000000000 0.999999999999752 0.000000000000000 0.000000000000246 
0.001055172387552 0.001353283895829 0.189578683386170 0.429088913102464 0.031060979535467 0.094992140262831 0.001496253256161 0.251374574173526 
0.000625286165983 0.053264929502510 0.280786370126651 0.050363924323066 0.352726910024928 0.052537338773553 0.052775239483160 0.156920001600149 
0.000006112251468 0.000002162522132 0.999904640915506 0.000012269827431 0.000008905376490 0.000041122531967 0.000000161303950 0.000024625271056 
0.010051552714276 0.000767724849817 0.001279790152976 0.078472333368775 0.035012044172360 0.022536497846702 0.845642016327260 0.006238040567834 
0.000666280320616 0.000034056349256 0.000166363721338 0.000750496121980 0.000041792482707 0.002896314900085 0.994968625827151 0.000476070276868 
0.045875602077623 0.049100215834058 0.012941037072873 0.188090537733857 0.006813959874909 0.010933958780250 0.622089162537267 0.064155526089163 
0.003406610870603 0.000178461554392 0.024039730941358 0.968025003960948 0.000021048582043 0.003397255560157 0.000851670910101 0.000080217620399 
0.000913287407757 0.003765683355811 0.298752462828702 0.569913928611048 0.000145669539175 0.108148506955296 0.016983450110951 0.001377011191260 
0.000003455869835 0.000005005784715 0.236067765940834 0.001042549241497 0.343335776182462 0.417514346938405 0.000017093771999 0.002014006270253 
0.002056931706358 0.000275265803353 0.972287856729495 0.020531943841312 0.001572862031047 0.000335421244610 0.002926469973581 0.000013248670245 
0.009541345048279 0.210988465458338 0.001089559477979 0.629429255995847 0.014445030796620 0.021802888606614 0.084928817622595 0.027774636993729 
0.000293807777770 0.075062451777999 0.002124508448819 0.129505125229126 0.298327076695169 0.007787270842959 0.486472540666448 0.000427218561710 
0.001371727982771 0.002842748160280 0.288029022134833 0.274009080502871 0.352821141195349 0.056850740542236 0.003328465031967 0.020747074449692 
0.007289975887175 0.002363693028087 0.860742370465235 0.004584885984613 0.003639095778748 0.118541752270956 0.001677501087848 0.001160725497336 
0.002505838829609 0.000318606825157 0.185506985793479 0.803713241375007 0.000192486846127 0.007690044272110 0.000041051928726 0.000031744129785 
0.000796899213423 0.002082674602694 0.085037550912263 0.003908223544752 0.019840651407850 0.002413294760479 0.756485173612435 0.129435531946104 
0.136864098343423 0.000715880840748 0.000874667426034 0.467579061805982 0.286591670148993 0.068202583856640 0.036013470556511 0.003158567021668 
0.000305238973451 0.001004539984992 0.135784586925839 0.011221479008496 0.005417095089067 0.221497147289083 0.604952359526603 0.019817553202469 
0.031229051967257 0.042450590127062 0.016667234969660 0.142116311068239 0.078856584324744 0.014216948573006 0.051053025810285 0.623410253159746 
0.001228970917886 0.006277408066814 0.643548354428466 0.053743684749377 0.253120881489603 0.019965607475410 0.003022810921111 0.019092281951333 
0.000011890981087 0.000436042720332 0.111925664596033 0.876673772495308 0.000200832297892 0.003832513836174 0.005336686431786 0.001582596641387 
0.007176207984964 0.012011458963205 0.038208274715679 0.283650006800754 0.297615119889435 0.169530204358125 0.031558725373226 0.160250001914613 
0.000306099594884 0.000001620639011 0.000002835591401 0.999630032966160 0.000000338172392 0.000000555709570 0.000034148187928 0.000024369138654 
0.000000211437876 0.000000008619717 0.999996388562954 0.000002489861152 0.000000000046844 0.000000112917021 0.000000003005916 0.000000785548520 
0.001616903233532 0.988541609791469 0.000038099304013 0.007937915708690 0.000512167650886 0.000126620701409 0.000240780568499 0.000985903041503 
0.000000012683318 0.000025861938536 0.000000000535951 0.000002001685015 0.000000007144463 0.000000027831754 0.999971775684981 0.000000312495982 
0.000550965009035 0.000190461733936 0.010693435234338 0.019973812162582 0.007668246902051 0.000409870519065 0.811111901036591 0.149401307402402 
0.000526174605538 0.000254180109270 0.625992148296384 0.000570482849912 0.002332610037407 0.000625069664888 0.001100888772275 0.368598445664325 
0.000000000000000 0.000000000000000 0.000000000000013 0.999999999999987 0.000000000000000 0.000000000000000 0.000000000000000 0.000000000000000 
0.007861704470931 0.003965854873398 0.003189874061104 0.682594812442087 0.014178665946473 0.254184768280004 0.032402009314007 0.001622310611995 
0.000026828037899 0.000154071615635 0.767548946926156 0.000823462104463 0.012320262342644 0.121950137469744 0.004613036199962 0.092563255303497 
0.000000000015523 0.000000003309805 0.000000029624401 0.993087535112129 0.000000000001550 0.000000000343915 0.006912413217487 0.000000018375190 
0.000000000000000 0.000000000000000 0.000000000000000 1.000000000000000 0.000000000000000 0.000000000000000 0.000000000000000 0.000000000000000 
0.152988337873061 0.004023751576524 0.100780178600758 0.736074764253105 0.000402830941696 0.003892620944615 0.000813899565446 0.001023616244796 
0.000082792795967 0.000711134123299 0.059295046723176 0.003151358637671 0.008629838346938 0.927493487964853 0.000104640540432 0.000531700867664 
0.020587413406970 0.154266232058910 0.036926922401730 0.368459164270346 0.113954231464342 0.264896686948070 0.028870487783634 0.012038861665999 
0.000050898616057 0.000237936952649 0.000762928817294 0.000387612346700 0.000482174332210 0.995475442566204 0.002503118750915 0.000099887617971 
0.000068027927413 0.000415726801814 0.391248551312708 0.004828872671770 0.179557059768334 0.018758107128100 0.001604870453722 0.403518783936137 
0.007920795131877 0.006590535444171 0.005591371445847 0.942640138399314 0.012125996223679 0.008310373853360 0.015704818816158 0.001115970685595 
0.000060152685853 0.026357445982060 0.000026794485302 0.966895878640066 0.002664740861113 0.000317572485802 0.002441576201659 0.001235838658145 
0.000693197597175 0.027266008392724 0.003415212827896 0.926635062827922 0.006810617643330 0.018134471188175 0.003627231962309 0.013418197560469 
0.002693901918064 0.001014596168498 0.279519112075667 0.069462057606605 0.106467595343673 0.537044344749725 0.002300302577637 0.001498089560130 
0.018897710674238 0.010096075524248 0.358951322144249 0.413247541037840 0.003165043458235 0.092730439686795 0.064789515108265 0.038122352366130 
0.000000099113294 0.000001037090605 0.000000044176085 0.000000032859259 0.999997739444550 0.000000008854126 0.000000520579480 0.000000517882600 
0.000000055319971 0.000071622459958 0.000007838862318 0.983446690363766 0.000000242335709 0.000005878817941 0.016467577246343 0.000000094593994 
0.000501529070490 0.001854706187113 0.024165193043375 0.874547223714582 0.034366295215286 0.025417331753244 0.033865449091854 0.005282271924057 
0.000000000000027 0.000000000000042 0.000000000001299 0.000000000000314 0.999999999395761 0.000000000000127 0.000000000000242 0.000000000602189 
0.000034616420679 0.000688727130521 0.000001360358347 0.256611399561248 0.741201765686973 0.001352772075800 0.000101256626989 0.000008102139443 
0.000000000001748 0.000000000230862 0.000000028217877 0.000000087000661 0.000000000000086 0.000000000240411 0.000000001937437 0.999999882370918 
0.005376738786727 0.000133294144087 0.134596715758981 0.816268232220520 0.000158060567138 0.009242191352575 0.011900350064925 0.022324417105048 
0.007763565571054 0.197644845301721 0.001379638777502 0.215972634919768 0.124145182765302 0.020776773611081 0.404933035694705 0.027384323358867 
0.000150290790561 0.007477785875266 0.019358212386700 0.964622412309842 0.000565150473897 0.004839138660514 0.000045656319042 0.002941353184178 
0.000020489337851 0.000010462575437 0.000966821267113 0.001064157458234 0.997188049011500 0.000113478642342 0.000326757284486 0.000309784423038 
0.000000000031023 0.000000187429425 0.000000217186487 0.999999535722411 0.000000005951750 0.000000044119523 0.000000002225130 0.000000007334252 
0.000002265956710 0.000077752993984 0.000001482777559 0.000135630877282 0.009355568983204 0.945649297794479 0.044737039343832 0.000040961272951 
0.000000000000308 0.000000000028307 0.000000000179489 0.000000000149670 0.999994552397646 0.000000000001254 0.000000000024831 0.000005447218494 
0.000189893212858 0.000948035431512 0.000043736451138 0.001478948847982 0.000001094712615 0.000079188562584 0.996806428936598 0.000452673844713 
0.000002386370446 0.055155048948188 0.000071111820153 0.612842696771217 0.000023901317188 0.035907216459812 0.005536936064886 0.290460702248111 
0.425819927167376 0.108388993809071 0.000956328840866 0.102600884209316 0.362181892363160 0.000009096246262 0.000002590243352 0.000040287120597 
0.620680209327521 0.059302768334890 0.011556707316638 0.237236133375333 0.003052149170292 0.009832133875455 0.050248464460404 0.008091434139468 
0.000001008413093 0.002544300147958 0.000330824459277 0.536068859055381 0.416082110255569 0.000649789133455 0.044306111347581 0.000016997187687 
0.000000000000000 0.000000000000000 1.000000000000000 0.000000000000000 0.000000000000000 0.000000000000000 0.000000000000000 0.000000000000000 
0.000048635303284 0.001560731143560 0.030755055684236 0.000400494355276 0.935082156397885 0.002664393343476 0.017987092066478 0.011501441705805 
0.000000114659823 0.000048121275723 0.999923846984192 0.000000949845824 0.000023801399990 0.000000351995954 0.000000553161322 0.000002260677172 
0.007097702197022 0.016609786958498 0.177604842664981 0.332407324336132 0.001780156171840 0.002442912799083 0.454446910150113 0.007610364722331 
0.000000000043313 0.000000381512071 0.000000089154917 0.000229754239378 0.000000039227400 0.000000044907979 0.999769681765384 0.000000009149557 
0.181916304816343 0.153933642648566 0.024558001250550 0.187994313994152 0.128146189497249 0.181964337060791 0.111639811216081 0.029847399516268 
0.001763441079718 0.000524320080314 0.230556755327483 0.033680332415526 0.003729175110301 0.236473714772710 0.479046207399254 0.014226053814695 
0.016548475426037 0.004855157676278 0.003517257541105 0.639938180236092 0.000931277088217 0.002182588544895 0.324755170956328 0.007271892531048 
0.016239626737610 0.007457306949639 0.000182945744239 0.001275783309464 0.967634419688663 0.000299136391820 0.004339231897612 0.002571549280953 
0.000000156212843 0.000004755653751 0.004936215253653 0.887278483888691 0.000233350630317 0.000019664287504 0.090025133691013 0.017502240382229 
0.001808806300454 0.015975992476670 0.595324791808285 0.031122036120264 0.087457601810950 0.126145767752607 0.011384663301382 0.130780340429387 
0.000028800308416 0.000033614788228 0.000637346902956 0.001582928823721 0.000190222815070 0.980861058466831 0.015093901936415 0.001572125958364 
0.016663076012463 0.029397870927708 0.013707940374238 0.352896655800019 0.044986765850134 0.324256624852149 0.058357813329286 0.159733252854004 
0.014157277027141 0.001033073944056 0.002130142266831 0.309862536791497 0.106184035158210 0.178519666108867 0.377895903236602 0.010217365466798 
0.000131294609160 0.000080706064652 0.543972363978091 0.453614829170796 0.001458762456955 0.000207483895173 0.000010286205472 0.000524273619701 
0.000781461851344 0.001160453706601 0.011202330701820 0.078712427680051 0.002823313104314 0.009133509885135 0.228398304649394 0.667788198421341 
0.008950878998984 0.067709855110482 0.418050291399821 0.108511888633972 0.027736846827913 0.039301030489613 0.133635873548188 0.196103334991027 
0.000010696473543 0.000120893997959 0.987215972609599 0.000811476243489 0.000021808375902 0.011541149114052 0.000053181155396 0.000224822030062 
0.000000014700669 0.000000037495577 0.999967139211277 0.000000019860900 0.000018893684195 0.000012972188202 0.000000000999543 0.000000921859638 
0.000000000019406 0.000000070235015 0.000000000000205 0.000238763063154 0.000000000042361 0.000000000003309 0.999761163207406 0.000000003429145 
0.001638830499263 0.091273900115933 0.005854279177927 0.145293070324440 0.087623907488825 0.097235208889169 0.565371409568343 0.005709393936100 
0.000027232761694 0.000014020642705 0.000009642213732 0.004483641017972 0.000009726466962 0.000011794823191 0.995440590397063 0.000003351676681 
0.002352856947083 0.000345542481042 0.019812267408354 0.015854286603469 0.009743723283680 0.229290626880695 0.676018411708450 0.046582284687227 
0.000076484869902 0.000112297313869 0.964572177088172 0.035229178124573 0.000000327538374 0.000002159658143 0.000006153185666 0.000001222221302 
0.000000152196326 0.000001279188676 0.000038980792695 0.954302541695821 0.000005571565256 0.000000353354326 0.044920791540643 0.000730329666257 
0.001604354372063 0.004327549364890 0.604844509106434 0.274815898988783 0.009880759835767 0.002029524268825 0.041468388548516 0.061029015514722 
0.000000000000000 0.000000000000000 0.000000000000000 0.999999999999974 0.000000000000000 0.000000000000000 0.000000000000026 0.000000000000000 
0.000360682997646 0.000523789271440 0.004319001195212 0.055387512971001 0.003191063257147 0.911912616928128 0.024054910889875 0.000250422489551 
0.000469050732614 0.000656310916329 0.117085876822901 0.881669840561216 0.000002793353749 0.000098792622852 0.000010596385310 0.000006738605029 
0.000005560975165 0.001735872559772 0.927857535549289 0.010266110248562 0.000111155873526 0.059954635621159 0.000033934543649 0.000035194628878 
0.000090824524254 0.002470360425037 0.004461928452634 0.012405625772589 0.769610129319079 0.000346571567060 0.193795612728778 0.016818947210569 
0.999526171693509 0.000000179510176 0.000000002756170 0.000031120184170 0.000000038825681 0.000000006060982 0.000442480598091 0.000000000371221 
0.000000000060620 0.000000004560028 0.000000002834048 0.999999866946794 0.000000000000028 0.000000000074003 0.000000125515054 0.000000000009424 
0.003367734316227 0.000813199516769 0.925597253432661 0.064712165198440 0.000058151663611 0.004885947405924 0.000390475211160 0.000175073255207 
0.001109200056500 0.000611261200580 0.777193291388853 0.137795277277669 0.021177834360911 0.042172109309205 0.019924080702039 0.000016945704242 
0.000839639883575 0.001922964125417 0.001920734780302 0.453283524184615 0.009917132439438 0.462130727449392 0.052593251387961 0.017392025749301 
0.000140199107360 0.000001341806188 0.000000006383196 0.999853060511344 0.000000050438708 0.000000120118516 0.000005167162031 0.000000054472658 
0.000046293708580 0.000012620381268 0.892242350511448 0.000066661466215 0.000019007679240 0.000004511109211 0.000005634695271 0.107602920448768 
0.000539003042145 0.000078942616487 0.008353536114343 0.004785535524388 0.003839476142100 0.000722625577771 0.973478691440596 0.008202189542170 
0.012530222372068 0.030830039278205 0.000865887328903 0.923461875274715 0.000320353410727 0.000100854087584 0.031469207118505 0.000421561129293 
0.002285499903432 0.000586533658691 0.013592589799140 0.000560993913181 0.000068397758630 0.003779640036045 0.962818361376179 0.016307983554701 
0.000000000381662 0.000000003665411 0.000000000346252 0.000000000562283 0.993356791605293 0.000000029014928 0.000000000125644 0.006643174298527 
0.000167822302155 0.000087695947912 0.000527577457982 0.000945344767553 0.000525555445293 0.125559583567324 0.866108695712099 0.006077724799682 
0.000052974552342 0.000910042820370 0.071921581150509 0.008188963841428 0.019358605993211 0.606640509808566 0.047868964648613 0.245058357184962 
0.016300320305967 0.002655309866135 0.003662483093753 0.897911362786005 0.009061569674392 0.013887863903467 0.050159672053376 0.006361418316904 
0.090450349782634 0.000259401319330 0.030520881203118 0.132441505360374 0.001033696361775 0.002092586956880 0.000799427908882 0.742402151107009 
0.000000000000000 0.000000000000000 0.000000000000000 0.000000000000000 0.000000000000000 0.999999999999955 0.000000000000000 0.000000000000045 
0.030948006715586 0.000447401710686 0.057560789248780 0.401048189612270 0.001179678087061 0.179205213566913 0.325981813722396 0.003628907336309 
0.000207312566513 0.000006841374334 0.000144948015963 0.004460912576029 0.000001927991211 0.000047191256772 0.995100123332573 0.000030742886604 
0.001431653682847 0.002892179001270 0.013608276825042 0.154449965764333 0.000143847754043 0.009049975926950 0.814341814751285 0.004082286294231 
0.000001493112046 0.000006815930296 0.000004448169054 0.000028481010388 0.997385429001483 0.000002788635932 0.000001491306473 0.002569052834329 
0.010390181664178 0.000308713779735 0.007665051947076 0.970381496443547 0.003653454979039 0.000652006524294 0.000916034995338 0.006033059666792 
0.005716581789897 0.000629907080078 0.005654858219715 0.961338935854813 0.001723189678348 0.008156090408727 0.011549810588686 0.005230626379736 
0.001044511291795 0.000161889562801 0.004163137982679 0.752716838564299 0.003002541547988 0.005047580969966 0.175810922340260 0.058052577740212 
0.010151455915300 0.661691963116221 0.007551680604649 0.231931051371640 0.000321756617706 0.004500867406191 0.045917629814087 0.037933595154207 
0.000231744383045 0.000010513414015 0.995322383340976 0.003190273621996 0.000317776710219 0.000817944075594 0.000029747109483 0.000079617344673 
0.000252182196073 0.000299918816559 0.001710234588873 0.000583977133189 0.000773214752201 0.991229951806746 0.004812109471688 0.000338411234671 
0.000214538662372 0.000808816417656 0.993262209707085 0.000608204373607 0.002176026891845 0.002763164793993 0.000032988201469 0.000134050951973 
0.001674171058993 0.011352783459968 0.001034262024535 0.755098460968543 0.040988361175040 0.002026678310539 0.006428255227198 0.181397027775185 
0.015026694918079 0.000321381393492 0.004337912669053 0.120736837524981 0.503182677739084 0.351698150452146 0.004313041245076 0.000383304058089 
0.005529459042318 0.051002364193425 0.006162484279574 0.085420915961042 0.183761732865498 0.582389803139586 0.007442449201210 0.078290791317347 
0.000904434740048 0.000239881524113 0.990054382010675 0.001628582285640 0.000099150128594 0.006341084895309 0.000180753667615 0.000551730748007 
0.015733440171422 0.004191544972358 0.541844681274074 0.221816262870275 0.008727067427468 0.030144798707900 0.129449312396986 0.048092892179518 
0.022069172433295 0.008858351817568 0.005772358344360 0.817083033761646 0.025096131787437 0.023894916132923 0.075712534063054 0.021513501659717 
0.000177924293758 0.000809803109846 0.000196279201659 0.045608899633236 0.000934579919016 0.000069148622943 0.951122498902635 0.001080866316906 
0.025025193286327 0.475693171595546 0.000080169113952 0.494349644343801 0.000096024976344 0.000219687993392 0.002984594969119 0.001551513721518 
0.000000762903535 0.000017857548701 0.000253823035929 0.016219610523450 0.436544813827453 0.000000047942942 0.000000151041041 0.546962933176949 
0.008598139275715 0.003078448747070 0.008081486404447 0.625815636012244 0.086807655654416 0.086058372547652 0.142581792366072 0.038978468992385 
0.000006279352735 0.000004221653633 0.000127634014597 0.000674360549278 0.000067443951680 0.000144399953937 0.993805614304329 0.005170046219811 
0.000028520322171 0.003231316414295 0.000036795549185 0.008062007643710 0.011560066465175 0.929299998370980 0.042458690406682 0.005322604827802 
0.001010032868490 0.000558256286849 0.005661018502040 0.006625944139780 0.013082387675696 0.000257013381688 0.965361722800391 0.007443624345066 
0.000000093285867 0.000000261046517 0.000000955713915 0.999982779894329 0.000000005623018 0.000003740242084 0.000005017246803 0.000007146947466 
0.000000954511168 0.006032604166492 0.000091713085206 0.993763038034765 0.000000277774420 0.000051335425269 0.000058734663075 0.000001342339604 
0.138077190948428 0.007863838794611 0.009862354009486 0.491245932610264 0.181015720932627 0.032589654242334 0.100540394641489 0.038804913820761 
0.001143115896748 0.001685054279522 0.146795105838792 0.034312296094529 0.036364927380817 0.001978735049490 0.250996194246389 0.526724571213714 
0.000043504212876 0.003495642182988 0.984301745673546 0.003686288045997 0.002007305955019 0.004848437568153 0.000885451585646 0.000731624775773 
0.000332592936150 0.000422183193754 0.070607336058435 0.782836646665286 0.000284365200195 0.140550105683028 0.004875579890520 0.000091190372632 
0.000423065601030 0.000181338826731 0.004140153950335 0.993617151708982 0.000725004058086 0.000084263370101 0.000024704051344 0.000804318433391 
0.017597217681499 0.002220516448456 0.008841448345949 0.758915016395723 0.010384627662268 0.003350936313220 0.000156349687042 0.198533887465843 
0.002360598837211 0.002308595501079 0.001386878213013 0.987721061461886 0.000034304811126 0.000296401694521 0.000332981059643 0.005559178421522 
0.000193660707949 0.000229058561929 0.623103365543549 0.366732397816841 0.002547332468434 0.000725337961337 0.000091332591900 0.006377514348061 
0.018629968461107 0.093876162331665 0.007053447410504 0.794542511436896 0.002469230322371 0.002726957425971 0.067900438441119 0.012801284170366 
0.017252279837959 0.000746626140242 0.009786562773781 0.955313252001885 0.009109240148297 0.005308919333874 0.001631760183344 0.000851359580618 
0.000235405717480 0.000764254220291 0.024342290899723 0.003000287759519 0.000696056254772 0.967383693177591 0.002332128112917 0.001245883857707 
0.000000000000000 0.000000000000000 1.000000000000000 0.000000000000000 0.000000000000000 0.000000000000000 0.000000000000000 0.000000000000000 
0.000021827668923 0.000017331547256 0.000043286827835 0.889369782813548 0.000071665422703 0.015917244841196 0.094215348419561 0.000343512458978 
0.000001045638446 0.000018227066362 0.002331338049919 0.560765252438465 0.000041200799112 0.000031758412538 0.428517840995112 0.008293336600046 
0.000000010541668 0.000000000012747 0.000000000007467 0.000000002699320 0.000000000027322 0.000000000001613 0.999999986706180 0.000000000003682 
0.000019961072394 0.000010469099322 0.000046910062120 0.999237729290965 0.000000604906122 0.000006407107984 0.000677410876554 0.000000507584539 
0.005501172608099 0.004621740062029 0.748485080393263 0.004203431733165 0.019855861852846 0.002557758453914 0.155751419405922 0.059023535490761 
0.008479874735614 0.016970519267967 0.013615184509352 0.028752067507184 0.037083223773488 0.862284858138741 0.020507561626285 0.012306710441368 
0.000000769610103 0.000000009069191 0.000000000000643 0.008504653370895 0.000000000061470 0.000000000024587 0.991494567722071 0.000000000141039 
0.020298406937195 0.002139782967786 0.009312842922945 0.224421146953262 0.001581358688542 0.000849628917021 0.010001293223354 0.731395539389896 
0.000000008679872 0.000000013555547 0.000000000004864 0.000000008767817 0.000000000037180 0.000000000041201 0.999999968695998 0.000000000217522 
0.000034100456465 0.000136209040788 0.000228537605041 0.004359714141328 0.991159521190930 0.002977834895425 0.000273713180130 0.000830369489893 
0.007876574167727 0.002861091109944 0.189990307756240 0.007649215236024 0.040189511718137 0.727215646739376 0.018237757974931 0.005979895297620 
0.000000000407486 0.000000504864761 0.000024887242307 0.000010374753586 0.984013912879780 0.000000002035580 0.015789419061695 0.000160898754806 
0.000000007503199 0.000002358260188 0.000366527714767 0.839032011077191 0.000075637571600 0.000000025831106 0.000000171175512 0.160523260866438 
0.030795118188208 0.001219052816190 0.000223678880925 0.894045060398961 0.000013494490027 0.000061675172296 0.032734716357073 0.040907203696320 
0.000013738825089 0.000001408458400 0.997139314509913 0.000005052108965 0.000024893127787 0.000007277924846 0.000064771103671 0.002743543941329 
0.056801168035652 0.000588497199809 0.000031790330414 0.387950164562090 0.000035885100034 0.000373344717517 0.554128655274573 0.000090494779911 
0.000000000009962 0.000000000117028 0.999999390538402 0.000000030195510 0.000000334302151 0.000000003047938 0.000000000002480 0.000000241786530 
0.000000484873927 0.000004464171456 0.000012944145915 0.003272873528914 0.004250422348216 0.000027625068322 0.992402086257294 0.000029099605955 
0.000062200868818 0.001995450199526 0.000077015674632 0.000675076466249 0.003243693626951 0.352730281146610 0.000014827728391 0.641201454288822 
0.000015909602384 0.000007287961304 0.000006651090661 0.999829307066508 0.000000026663488 0.000002830348504 0.000137958077181 0.000000029189969 
0.004589018145977 0.001068910696900 0.000296129058759 0.295600857408027 0.001674994848313 0.001694385417672 0.679855373580500 0.015220330843852 
0.000000837845574 0.000001503519249 0.000031585669656 0.000002883943204 0.000014863009255 0.999917971232056 0.000014001892875 0.000016352888131 
0.000000000001314 0.000000000008072 0.000000000289757 0.000000000068955 0.000000000000017 0.000000037930889 0.999999961598191 0.000000000102805 
0.010115132027095 0.001240759290341 0.098223306389151 0.881243098969399 0.005112423322125 0.001484552712439 0.002284925735949 0.000295801553500 
0.192803243910422 0.000264551380142 0.000031002426831 0.007672022016487 0.000118624789957 0.000001125599166 0.480823475188538 0.318285954688458 
0.000000000025307 0.000000003185325 0.000000000415653 0.000000112238865 0.000000442957721 0.000000950724501 0.999998489892386 0.000000000560242 
0.004849206766541 0.012364199235258 0.121040492488849 0.037266065419675 0.002514678942342 0.003814444856973 0.492278758460773 0.325872153829588 
0.816410105894543 0.000295542333880 0.000062694397429 0.070534137287413 0.000000799476683 0.000065981347500 0.111557126999575 0.001073612262977 
0.000368560916429 0.001115988688499 0.000097273442471 0.605552175252575 0.001513480141004 0.046535745055331 0.001816680124850 0.343000096378842 
0.000203423192358 0.022696193461950 0.011736495042953 0.924944024405475 0.030536791078373 0.000137440143250 0.004114935754636 0.005630696921004 
0.001303895883286 0.133249940459260 0.000720929891861 0.028094606438075 0.789702755826817 0.043373411547408 0.000251441886487 0.003303018066807 
0.000000410515593 0.002614631988035 0.000010610972799 0.016684219898669 0.980098774077382 0.000000067130864 0.000022036025470 0.000569249391187 
0.024695540661114 0.002576520092946 0.000320607606680 0.180240611226373 0.000526561411754 0.000324870930420 0.000540912736941 0.790774375333772 
0.000027133138928 0.007235739313287 0.054708579333908 0.002830124038428 0.882633931055243 0.002081303833854 0.002511523498508 0.047971665787844 
0.000110676727899 0.000028325220481 0.000001192631954 0.725555313907744 0.000000894207517 0.000016835547790 0.274276661886227 0.000010099870388 
0.001949859597130 0.007629897172827 0.019094634292900 0.950081118184468 0.001003222549797 0.007984717230963 0.006814790805632 0.005441760166282 
0.016695511179154 0.875603612711703 0.024056121385393 0.070077620473732 0.001143373944242 0.006279249654816 0.002895197968604 0.003249312682357 
0.000000014771020 0.000004655940176 0.999931306009964 0.000003305292136 0.000039844399730 0.000017073249154 0.000000179737444 0.000003620600375 
0.004144696809008 0.022726249901419 0.894083918837256 0.038559389598922 0.003434631492493 0.034376343529365 0.001260123383666 0.001414646447872 
0.000000011796314 0.000000955244320 0.999391488651149 0.000200357217602 0.000000011048969 0.000407158221860 0.000000017318532 0.000000000501254 
0.000150166530867 0.000461528997007 0.118808102215526 0.012945776618012 0.000073353842134 0.002129477416111 0.849255093841992 0.016176500538352 
0.000017937129702 0.000007838385245 0.002317218561584 0.997106485881469 0.000056868003228 0.000021710865501 0.000464808665813 0.000007132507457 
0.000169942315500 0.008084743603389 0.000086155952818 0.030034111325384 0.007607661106551 0.002814413185200 0.951132880483539 0.000070092027619 
0.000054347104716 0.000006829840641 0.991447565028529 0.001158512740305 0.000137784564849 0.000471814236346 0.000013232968655 0.006709913515959 
0.018377303837077 0.004692114886607 0.052818600777602 0.479145072129725 0.038772235715005 0.404310608761524 0.000932108006814 0.000951955885646 
0.000917752266939 0.011824837751689 0.268154206788307 0.048194852150523 0.250090340227338 0.307001371037208 0.004375900002439 0.109440739775557 
0.060661095296356 0.019873825380012 0.013265325936031 0.087882312232377 0.107402618051083 0.551230779160532 0.147147805088370 0.012536238855240 
0.000080491497169 0.000005982398375 0.085347083247071 0.000397164897589 0.000494905360616 0.002234278315619 0.000118110609448 0.911321983674113 
0.000436197335032 0.000971522806641 0.002826011815518 0.000678052517405 0.003844872587656 0.989321609445339 0.001372812376543 0.000548921115867 
0.000000001955775 0.000057523375724 0.000000021195665 0.999940843311766 0.000000000081144 0.000000094508207 0.000001367920084 0.000000147651635 
0.000000000064732 0.000000000049113 0.000000000819342 0.999999995635919 0.000000000066211 0.000000002109848 0.000000000011502 0.000000001243333 
0.000000000001017 0.000000000002785 0.000000000000305 0.000000001688948 0.000000000000014 0.000000000044358 0.999999998044810 0.000000000217764 
0.018192353623437 0.013410625965640 0.004231393516043 0.371943282117526 0.018999760526580 0.026954233581029 0.506979908815323 0.039288441854421 
0.001348636695923 0.033904787456863 0.738192202239561 0.014270353841066 0.043906098451850 0.008607390780996 0.026400929749909 0.133369600783831 
0.004789227542948 0.008782570512694 0.418057563137206 0.373440666516253 0.069705702817658 0.112844315960256 0.004256550684814 0.008123402828171 
0.008711350517130 0.016297697374673 0.006944755931084 0.666857801795817 0.027701368947966 0.001125724504614 0.001749092063556 0.270612208865159 
0.000040199913038 0.005186502372895 0.000004559782078 0.993704176694821 0.000011520232443 0.000098722692351 0.000832154260080 0.000122164052295 
0.001829364817691 0.000113391234534 0.732240353941127 0.253080801800563 0.000931321077326 0.004151400770888 0.002972085254792 0.004681281103080 
0.000029789636996 0.000129659344113 0.987587699290843 0.000828020225668 0.000375298451921 0.010982963530286 0.000031531611466 0.000035037908705 
0.999998422813876 0.000000001040087 0.000000000140302 0.000000154925485 0.000000000521610 0.000000000105882 0.000001420216011 0.000000000236746 
0.000000002590997 0.000000315990633 0.000000021142867 0.000007815487098 0.000000046222309 0.000000070893062 0.999746764645646 0.000244963027389 
0.000023905194797 0.000008907786580 0.998546290529893 0.000173950676534 0.000460814599044 0.000238746612513 0.000000150988107 0.000547233612532 
0.530265404179172 0.220165083346938 0.025843849539583 0.202410465644980 0.001704697445737 0.000278593275080 0.018831323816990 0.000500582751520 
0.000031355905172 0.000003427779283 0.000952371902215 0.997704692385527 0.000187038899155 0.000979866768677 0.000130987593432 0.000010258766538 
0.000000000000024 0.000000000088526 0.000000000000000 0.999999999911448 0.000000000000000 0.000000000000000 0.000000000000001 0.000000000000000 
0.001886999043916 0.001757702853594 0.007371032266699 0.119385500796231 0.110475940002697 0.731749146886397 0.026190649551425 0.001183028599041 
0.000599473440708 0.000263028310555 0.009087568603968 0.016136713088939 0.258952951847085 0.682175115240054 0.016755195547226 0.016029953921464 
0.247690957718919 0.000017370043939 0.708317068889444 0.039228433602381 0.000019789017455 0.000012150703992 0.000024374246652 0.004689855777217 
0.044697036394985 0.001955078213482 0.000055807734925 0.826200268160153 0.000058236510051 0.006889105147072 0.118774554886786 0.001369912952545 
0.000001522767855 0.000007138692497 0.000038051466918 0.997542103562700 0.000003773525219 0.001905175931787 0.000497308041515 0.000004926011508 
0.000687854009827 0.000147663733891 0.000171692420041 0.998144785475718 0.000004730796684 0.000008489954325 0.000497026637082 0.000337756972434 
0.000000000000012 0.000000000012105 0.000000001144780 0.000000000176680 0.998619873494612 0.000000000000006 0.000000000000051 0.001380125171754 
0.000064294472961 0.000007140506202 0.002063736947337 0.000107480955151 0.000305217204937 0.000162242750004 0.073496544499509 0.923793342663900 
0.000018443555289 0.000709837451743 0.961783836885947 0.000963473518338 0.000813604586994 0.035256493449780 0.000016224217001 0.000438086334909 
0.221929960265366 0.000040998977066 0.033743534810343 0.148039900854000 0.039628748924069 0.009787155255834 0.533602851134823 0.013226849778500 
0.003218138253968 0.000745666380709 0.354352794092913 0.021609508158284 0.022790563081523 0.014270036800355 0.014387244427022 0.568626048805226 
0.023535696788258 0.002111315643466 0.032957415241140 0.499801630591868 0.013520962797123 0.006550302821603 0.294379950285057 0.127142725831485 
0.020432909269737 0.000154524410330 0.015608830324259 0.908556249431266 0.003818782293781 0.051101650726765 0.000315368589299 0.000011684954563 
0.000001512927698 0.999986088847186 0.000000000023274 0.000012186717714 0.000000000068268 0.000000000004377 0.000000053704002 0.000000157707480 
0.001077018767341 0.000161194563219 0.269909528601808 0.671515315498819 0.052041778234574 0.002600976167478 0.001895754331785 0.000798433834976 
0.000470455078149 0.000221472953876 0.028792795472739 0.034382413515884 0.000670786213648 0.000432417033379 0.935017456016542 0.000012203715782 
0.071826194547128 0.017354281288259 0.624336344067494 0.071018487898588 0.038950719170327 0.062319865047453 0.046052416462617 0.068141691518134 
0.001312284848571 0.002613229406934 0.000219431926841 0.973771597979031 0.000042487590970 0.000673233387383 0.020869041171986 0.000498693688283 
0.197199724238798 0.000133958804391 0.025920419189408 0.748122731293386 0.017896175732359 0.000697785900405 0.004345222839329 0.005683982001923 
0.000000000448257 0.000000211749158 0.000000011835132 0.999996518020137 0.000000000148158 0.000000001548664 0.000003251632169 0.000000004618326 
0.005676233063097 0.001206815195281 0.020994170828725 0.963723877649098 0.000084489739300 0.000154681799225 0.000157065057514 0.008002666667760 
0.000000014066571 0.000000148636119 0.000003639644032 0.999995325379667 0.000000004507989 0.000000141695610 0.000000674203613 0.000000051866399 
0.002809795614779 0.009658078793134 0.009224497766109 0.964134440268573 0.003198816014099 0.010310293300139 0.000104778230359 0.000559300012808 
0.000418153637886 0.000084522597086 0.005144723574173 0.018623247032255 0.051095868402590 0.023857142317999 0.005534729204546 0.895241613233466 
0.033833921109325 0.001627123744751 0.142837251731415 0.381024578045652 0.039567334138410 0.066400851643220 0.302304226354895 0.032404713232332 
0.000247124266265 0.000609428304759 0.002270148240216 0.590444730477981 0.000485593236930 0.000163129002211 0.405396675491690 0.000383170979948 
0.000022458578546 0.000391369708425 0.736027424881126 0.000662448394070 0.219593339735343 0.041590317180964 0.001523263968198 0.000189377553326 
0.000053349959332 0.017444264915330 0.003263495748929 0.101149329667769 0.012816622182628 0.001716827200486 0.001502090698214 0.862054019627313 
0.000490947471550 0.001291405113040 0.819178378498385 0.177115464287998 0.001059248675915 0.000850264212555 0.000003676962999 0.000010614777558 
0.000119725448043 0.000118529418659 0.287164697344658 0.005081354752043 0.020786711440949 0.000698329593631 0.033220790822293 0.652809861179724 
0.002827916035494 0.000983901053054 0.002577345664605 0.003024694386656 0.014513729408126 0.029660406951768 0.856213753647843 0.090198252852454 
0.020572473417659 0.001746075922881 0.002750027579032 0.911262445066508 0.020469192283940 0.003581246558013 0.038033370308108 0.001585168863860 
0.000713225754086 0.000135146313594 0.583423137828107 0.000095706670282 0.000271599348231 0.386114020971271 0.004290952417165 0.024956210697265 
0.000000000046071 0.000000000052170 0.999999934207301 0.000000000070972 0.000000003453350 0.000000001050594 0.000000000001582 0.000000061117960 
0.000000002909422 0.000001079253100 0.000156194063076 0.000000453359091 0.992060357037862 0.000651247157389 0.000000005132919 0.007130661087141 
0.000423447609689 0.012562604692557 0.000623241321989 0.000622149114856 0.984421854910469 0.000266610768394 0.000933422369187 0.000146669212860 
0.001993832953736 0.021917291545714 0.628602369330727 0.102763979081231 0.002353653716143 0.004554058865081 0.030026697229372 0.207788117277997 
0.000000000035592 0.000000005642134 0.000000001370016 0.000000000242863 0.999976607057907 0.000007979271884 0.000000000069619 0.000015406309984 
0.000010459251379 0.000069620417987 0.000020125685527 0.997639119503372 0.000000395919998 0.000012438007258 0.002242164305527 0.000005676908953 
0.000057879072917 0.000802045937020 0.040298353229431 0.006351948430733 0.113428264392889 0.022149625863818 0.000131209578973 0.816780673494218 
0.000008874468858 0.000070855209119 0.000193065688638 0.000043043812255 0.000091331750441 0.996872828487942 0.002289293392334 0.000430707190413 
0.999987387560876 0.000000000676198 0.000000000000319 0.000012611359374 0.000000000020438 0.000000000000158 0.000000000182086 0.000000000200551 
0.000919514748752 0.047253206066795 0.007981854715168 0.042052620573922 0.226621404810609 0.628440155114051 0.006752824115750 0.039978419854954 
