0.000167599252437 0.000115122724354 0.983301167050161 0.015632708979736 0.000047580867047 0.000725071831326 0.000000719895460 0.000010029399478 
0.019463820844141 0.002011010638571 0.257188016971740 0.010020744566862 0.041498380441373 0.483609324974111 0.103663222653370 0.082545478909832 
0.010463472107268 0.008421536931066 0.038372280808171 0.731116154329029 0.197084455497445 0.012603837675172 0.000454349908139 0.001483912743711 
0.000524825888984 0.000033443470561 0.000793661118747 0.047965465756988 0.002737051616243 0.008517120281457 0.040717634901708 0.898710796965312 
0.985736741986906 0.008762921229069 0.000005594559468 0.005398004363748 0.000000080531618 0.000003259274426 0.000078535802371 0.000014862252392 
0.000433723468582 0.001847478770562 0.675566692349489 0.002500878031651 0.011221615603091 0.002763289679629 0.008149168380744 0.297517153716253 
0.005026194427659 0.004139802671226 0.873622292595645 0.011095039568852 0.007186182771442 0.087643558959036 0.008577959997890 0.002708969008251 
0.001060175671570 0.000799638620529 0.391264821000820 0.030433915326376 0.026853598176900 0.055506249737148 0.492795668341452 0.001285933125204 
0.610247727435417 0.047933708588467 0.234024306823386 0.077216254491540 0.004292266801193 0.006223329079009 0.010020319539087 0.010042087241902 
0.999997407921711 0.000000947240712 0.000000000000219 0.000001633864334 0.000000000000213 0.000000000138733 0.000000010826580 0.000000000007498 
0.007522738502602 0.000245380364112 0.099274052646365 0.038387474989929 0.004599346527896 0.839682827522274 0.005004333485909 0.005283845960914 
0.000037735976230 0.000015459348729 0.000551027058584 0.986751897087160 0.000107580985355 0.003142713620646 0.001419487139631 0.007974098783664 
0.006538681348972 0.001707082062122 0.004331290421950 0.089668139508280 0.004898482760931 0.015500813656912 0.834652538375104 0.042702971865730 
0.000082424620286 0.000002341374575 0.070010337042938 0.929896140648441 0.000000009200276 0.000008000853169 0.000000648183257 0.000000098077057 
0.000020263939149 0.000116828016598 0.795759998359672 0.004731241448648 0.001204307401047 0.000004793557888 0.000000021776212 0.198162545500786 
0.000002900200548 0.000213372590595 0.035626317137590 0.940813202380631 0.019767607441115 0.002432869950836 0.000712086853461 0.000431643445224 
0.000000000000000 0.000000000000000 0.000000000000000 0.000000000000000 0.000000000000000 0.000000000000000 0.000000000000000 1.000000000000000 
0.000257431942464 0.000065993442700 0.002733120796165 0.018170694519190 0.000020386754160 0.000097654465318 0.253387542450478 0.725267175629525 
0.000000000000000 0.000000000000000 0.000000000000000 0.000000000000000 0.000000000000000 1.000000000000000 0.000000000000000 0.000000000000000 
0.000000000000001 0.999999999986281 0.000000000000000 0.000000000012635 0.000000000000008 0.000000000000004 0.000000000000001 0.000000000001071 
0.000000000000000 0.000000000000001 0.000000000000000 0.000000000000000 0.000000000000000 0.999999999990031 0.000000000000000 0.000000000009967 
0.001304528760002 0.001104211904717 0.058579679610151 0.562224857459038 0.096421757090873 0.195827050075458 0.001605013025482 0.082932902074279 
0.001961421433341 0.008551266763854 0.015573074532182 0.008870928162496 0.140849146052533 0.021329507261488 0.587108377048586 0.215756278745519 
0.000000643000421 0.000000038407217 0.999989541422457 0.000000253629712 0.000000030910174 0.000000592289407 0.000000034009346 0.000008866331267 
0.009679059625369 0.000093766348103 0.035035111713041 0.007289148609865 0.008957084204588 0.514662193467652 0.244232526859632 0.180051109171750 
0.003465889039272 0.000014851256221 0.000206639236863 0.002293644361256 0.000020421217946 0.381209532003063 0.601808432797289 0.010980590088090 
0.004733508435373 0.000925332976772 0.000361063429406 0.005509734124003 0.001238397702510 0.001071841683718 0.985203647608475 0.000956474039742 
0.001007186483617 0.000087339241440 0.004129121134222 0.990465053556350 0.000053352981555 0.004157170122997 0.000076587192489 0.000024189287331 
0.053629475816153 0.001240847779150 0.016842674910533 0.231239700926859 0.000563586100570 0.093705308220110 0.597703516302183 0.005074889944441 
0.000036283475902 0.000004887409597 0.736351178286351 0.003091474462232 0.011663066614973 0.248145966927511 0.000093329144051 0.000613813679385 
0.045227208434059 0.001058824004189 0.931260329991683 0.019883273730446 0.000684729685878 0.001593907999960 0.000248957983490 0.000042768170295 
0.162208273006888 0.069043735066999 0.001002524326115 0.229600569617606 0.480809501728037 0.004572962047364 0.032748191702148 0.020014242504843 
0.000091230647549 0.001426702174576 0.000469463657257 0.058808453368247 0.889194155527663 0.015611637181635 0.032828781301583 0.001569576141490 
0.001293634352076 0.000168113754993 0.948057907581356 0.008288015737426 0.034898909570991 0.000457364590254 0.000866880263897 0.005969174149008 
0.005010891757590 0.001271635535015 0.438804461031679 0.004294408788195 0.015808011915741 0.528891810952620 0.003985624030286 0.001933155988875 
0.000605067269447 0.000006849451945 0.833116394781692 0.165710677654823 0.000001163134645 0.000555318398932 0.000003217287589 0.000001312020927 
0.000712106387111 0.006841192382494 0.020156343270675 0.032304096259511 0.043073744767718 0.085553511132119 0.605861881253109 0.205497124547263 
0.000133965837033 0.000015357236865 0.000209222613177 0.004108226968668 0.994073891030163 0.001305193807114 0.000012070528494 0.000142071978487 
0.003325331518268 0.001454190478869 0.149614558035872 0.244210210753481 0.020075283341492 0.108785643640281 0.398448945717048 0.074085836514688 
0.061373538970738 0.175361714523141 0.010933131660588 0.344050270156917 0.105308852072645 0.006859933726794 0.129588336130365 0.166524222758813 
0.008352875081598 0.016613901767197 0.351041974135290 0.066192873146297 0.460386245248807 0.086569694020569 0.002815798275889 0.008026638324354 
0.000004927076338 0.000012483475093 0.007256230638259 0.990381773089184 0.000064327407022 0.000147157843669 0.001800853101991 0.000332247368446 
0.010068329154065 0.003813833189410 0.079503478055744 0.079932199559530 0.240323220611519 0.030064581057385 0.072662124830290 0.483632233542056 
0.281900730950276 0.000022032756329 0.002483048380565 0.470593653891284 0.000012372302069 0.000008978746369 0.174938588776387 0.070040594196722 
0.000000491115607 0.000000037751664 0.999983715485762 0.000003643622115 0.000000001914219 0.000011187804189 0.000000577621929 0.000000344684516 
0.136941232787799 0.441373685497869 0.000542526620919 0.010336670094325 0.398705032287134 0.000195128273482 0.001964095582573 0.009941628855899 
0.000000000218971 0.000000044596858 0.000000000032549 0.000000018592482 0.000000012691663 0.000000015766782 0.999999481872308 0.000000426228386 
0.004815857178641 0.022541950771686 0.058278459717366 0.055923867227822 0.036937860393655 0.073204218710886 0.080113473784459 0.668184312215486 
0.000742111268456 0.000093560584536 0.927482485207916 0.000324102294398 0.001273760960507 0.000715212133867 0.007456155332817 0.061912612217503 
0.000000000000000 0.000000000000000 0.000000000005030 0.999999999994964 0.000000000000000 0.000000000000000 0.000000000000002 0.000000000000003 
0.002991182315407 0.000305183736944 0.007355620629338 0.936911411042362 0.006144016813761 0.026977298942855 0.016754949923856 0.002560336595477 
0.000167390449916 0.000509917581084 0.019119463124371 0.001104920987579 0.074344063765226 0.334057731873237 0.014343043167441 0.556353469051145 
0.000000000008860 0.000000002614717 0.000000893720738 0.012251217192807 0.000000000015004 0.000000006346832 0.987745718548844 0.000002161552198 
0.000000000000000 0.000000000000000 0.000000000000000 1.000000000000000 0.000000000000000 0.000000000000000 0.000000000000000 0.000000000000000 
0.503608881081884 0.000135630627455 0.010073114432393 0.485243068328944 0.000051242804911 0.000865516307533 0.000006702665051 0.000015843751828 
0.000449591440632 0.000190796852139 0.085855356720490 0.026509786896888 0.014079656887890 0.864035608654426 0.001492905142449 0.007386297405086 
0.506509479557160 0.147256805579697 0.054471740231372 0.133029916540542 0.025912695939677 0.101230393148903 0.018425269029940 0.013163699972708 
0.000187530644674 0.000090885663395 0.000310173640192 0.000380953099954 0.001809844611033 0.995531724930544 0.001632167671794 0.000056719738413 
0.000494240830710 0.000812058928807 0.122142406569336 0.001703845288189 0.379994823769567 0.030963299962226 0.016361984584993 0.447527340066174 
0.013634944474307 0.019353783769401 0.814629121479638 0.106350787243012 0.003160982648574 0.000486310944582 0.023558670905145 0.018825398535341 
0.000164152313798 0.003953137077338 0.000011699016044 0.993058386596211 0.002476854629118 0.000074252744464 0.000036584137305 0.000224933485721 
0.001371475056904 0.038893488446940 0.027011260767057 0.884097052496411 0.028960008021508 0.002451565608887 0.004938772628218 0.012276376974075 
0.279896663792513 0.000841676516840 0.034493588878727 0.279393302958345 0.189701252066962 0.212637848562277 0.002629044513077 0.000406622711259 
0.060785397667760 0.007697184327164 0.483197073540889 0.363982063450793 0.012596444482261 0.008503557371082 0.047754227172850 0.015484051987201 
0.000000169479741 0.000000117273686 0.000000003985510 0.000000005879051 0.999999559453360 0.000000000047097 0.000000037512957 0.000000106368597 
0.000004743393545 0.001053731357248 0.000391638733774 0.965597941900213 0.000008042281546 0.000838548832374 0.032064757774195 0.000040595727105 
0.000342809689362 0.000971980217294 0.048685155707638 0.697289149026647 0.037255894454375 0.156445885822408 0.020216925966707 0.038792199115570 
0.000000000018316 0.000000000002372 0.000000000247386 0.000000000003032 0.999999886485087 0.000000000003065 0.000000000000032 0.000000113240709 
0.000018071347170 0.000050029541185 0.000000072746656 0.157054420972291 0.842844411464782 0.000031224331750 0.000000847662816 0.000000921933351 
0.000000000087767 0.000000001038754 0.000021412972812 0.000000129203312 0.000000000005200 0.000000001730347 0.000002068113718 0.999976386848089 
0.028076380883032 0.001221017692163 0.496937709338693 0.449553417711661 0.000012730745380 0.002470287856442 0.010577305178070 0.011151150594558 
0.000529542856219 0.005537415191394 0.000675730345256 0.006748173123823 0.068746705811534 0.004636815518403 0.873981160499023 0.039144456654347 
0.000383216236521 0.007766749500099 0.701860128551236 0.278707860177565 0.002277126035470 0.001727342563577 0.002527180203483 0.004750396732049 
0.000030875763452 0.000003938427460 0.004010180460193 0.000199772960022 0.991517148029562 0.000035472988581 0.003061127287856 0.001141484082875 
0.000000004663991 0.000000430319267 0.000003781331271 0.999995577639008 0.000000057848725 0.000000113888673 0.000000004665017 0.000000029644050 
0.000002386487023 0.000000401315419 0.000004363709157 0.000005809604056 0.374150132588602 0.611116212085897 0.014497658315459 0.000223035894386 
0.000000000006006 0.000000000103297 0.000000000017145 0.000000000051493 0.999998427284559 0.000000000018069 0.000000000000128 0.000001572519304 
0.001052815420711 0.000240356252415 0.000006944098817 0.001514125324718 0.000033173196244 0.000363106147108 0.995591396381012 0.001198083178974 
0.000000684611487 0.001143965743320 0.000596646748282 0.951720070404549 0.000000110284292 0.012087247217722 0.031553071821948 0.002898203168400 
0.999616597602023 0.000035035368578 0.000084437961564 0.000229845439774 0.000032422579624 0.000000059307298 0.000000091156003 0.000001510585134 
0.966399207549805 0.019032480262922 0.000868226205532 0.008141569764453 0.000026675679927 0.000210884857644 0.004170972855067 0.001149982824651 
0.000018952176764 0.000019399335128 0.000003721135240 0.004825158165828 0.994941075434615 0.000012825287317 0.000167098054653 0.000011770410456 
0.000000000000000 0.000000000000000 0.999999999999999 0.000000000000000 0.000000000000000 0.000000000000000 0.000000000000000 0.000000000000000 
0.000126407185404 0.000103279440235 0.002409798291826 0.000141987400763 0.984479472978208 0.000066821061759 0.010742878260772 0.001929355381033 
0.000000003375811 0.000000038234021 0.999999872438840 0.000000011439310 0.000000001054404 0.000000002466834 0.000000016422884 0.000000054567895 
0.001457023889677 0.001104503511967 0.003363344694240 0.113014476775360 0.006380777298542 0.005045596706211 0.821905909817903 0.047728367306100 
0.000000003284031 0.000000092307141 0.000000030628823 0.000002393020150 0.000000177377727 0.000000118627877 0.999995671297567 0.000001513456684 
0.151452804573332 0.050777790060446 0.039436983969492 0.204330556090419 0.330456177335427 0.073456768937151 0.147562092817020 0.002526826216712 
0.005530919364826 0.002536076120607 0.073204584745176 0.131909759960410 0.004095742633466 0.756201633907888 0.009812892203927 0.016708391063700 
0.023734558115767 0.000016760374060 0.000080687802159 0.002477552392736 0.000003068526299 0.000001272505019 0.135649199031809 0.838036901252152 
0.098834393284496 0.002941129391473 0.000339573674851 0.000888105847325 0.890333092856691 0.000103210535223 0.000033101246270 0.006527393163672 
0.000015079778712 0.000045215262158 0.269241678467842 0.115216090065760 0.002797486706352 0.000013869950815 0.476038821756867 0.136631758011494 
0.004858466386895 0.001160966479100 0.789470786013330 0.055751249902316 0.021375402175233 0.100047275558701 0.015340890266200 0.011994963218225 
0.000009750297229 0.000026285508233 0.001348115229390 0.000258179936354 0.000025419021445 0.969269301865114 0.008870423058165 0.020192525084069 
0.017917764559582 0.012786662739361 0.008357527704275 0.078572954839017 0.102102545286278 0.505573108545731 0.116076058643697 0.158613377682058 
0.068756062453307 0.001635681789061 0.002780497069779 0.333722468123521 0.073649894746074 0.059644420913327 0.428688142405174 0.031122832499757 
0.001636418579416 0.000133174825144 0.974951241319255 0.009492266940345 0.002630098928402 0.000087279249247 0.000003850845520 0.011065669312671 
0.005909639295502 0.003203726926513 0.016140873743241 0.010151432176282 0.052651787922506 0.070106870319256 0.776141459426693 0.065694210190007 
0.039981080453193 0.229099029555050 0.169870155417213 0.293366990789396 0.034360730378810 0.089259365751776 0.042071996519060 0.101990651135501 
0.003759062240476 0.014204254354524 0.461388085157258 0.059240446242801 0.003065833648617 0.299121403324111 0.079417482145047 0.079803432887166 
0.000000038489093 0.000000025005478 0.999989067032324 0.000000032571084 0.000002750879352 0.000008048370310 0.000000000752974 0.000000036899386 
0.000000000161516 0.000000386704622 0.000000000000032 0.000244267972614 0.000000000020094 0.000000000000399 0.999755343048056 0.000000002092667 
0.004653300417791 0.064496356581676 0.005966417927019 0.189381355311365 0.555787893580688 0.057299891782164 0.106695366844383 0.015719417554913 
0.000056659338296 0.000011294408902 0.000000697912052 0.003886047354670 0.000003616612506 0.000003472718844 0.996035138766792 0.000003072887938 
0.001397803603461 0.000228980633244 0.005901143525478 0.014708302790390 0.001671802106012 0.596132018453869 0.362147703747325 0.017812245140222 
0.002338363527483 0.000001862457061 0.516683932011223 0.480929811529859 0.000000004933664 0.000001820437062 0.000043050188800 0.000001154914848 
0.000010721744009 0.000019263340425 0.005633824680308 0.430354182901087 0.000068575397254 0.000012035177621 0.563669761533941 0.000231635225355 
0.000866940542395 0.011626827191599 0.246705450491867 0.650365893047221 0.016399340439115 0.008883051335953 0.034425209038859 0.030727287912991 
0.000000000000000 0.000000000000000 0.000000000000000 0.999999999999998 0.000000000000000 0.000000000000000 0.000000000000001 0.000000000000000 
0.000528045861139 0.000432349002459 0.000551434540536 0.052714884772526 0.001906741681072 0.913833016226918 0.029997614420063 0.000035913495287 
0.011675434746965 0.006797263062072 0.351823292740422 0.625798879227195 0.000499818143504 0.002258450684331 0.000235823659276 0.000911037736234 
0.001063739573631 0.001712288190859 0.639822375361406 0.174631947027646 0.000610370334272 0.181902458178813 0.000008742672127 0.000248078661246 
0.000012918612667 0.000620229216592 0.002558522222334 0.000585501716020 0.913929865493177 0.000087951815545 0.070903077224322 0.011301933699342 
0.996334038324939 0.000000789666843 0.000000007022246 0.003407240006129 0.000000002284034 0.000000011652994 0.000257880902515 0.000000030140300 
0.000000004488962 0.000000147970303 0.000015744109840 0.997848077631499 0.000000000022671 0.000000028709888 0.002135948986102 0.000000048080736 
0.001564862324988 0.000177386883170 0.941927067806818 0.053173909274015 0.000012382858384 0.001931513415752 0.000316281654354 0.000896595782520 
0.016400907278074 0.000240288415746 0.877919281706429 0.060177868698761 0.004457266363491 0.022220285993734 0.018414873033372 0.000169228510393 
0.008366548687396 0.005619774037587 0.008953293525427 0.126503687287711 0.057720561177148 0.096201644898474 0.336588614531116 0.360045875855141 
0.000170666199915 0.000000124760498 0.000000000036736 0.999829058144258 0.000000001606126 0.000000001286178 0.000000146741125 0.000000001225164 
0.000008993142467 0.000002467418195 0.999821796687191 0.000000564938919 0.000004579374143 0.000007453042504 0.000014737751614 0.000139407644968 
0.014908745080490 0.000045710646599 0.000947731503438 0.003056608472370 0.085088846108674 0.000192882508237 0.862147145848388 0.033612329831805 
0.197091763855628 0.086711752363383 0.000395861619960 0.363143991589673 0.000768449390302 0.000062398716462 0.345478159372292 0.006347623092300 
0.022563910311472 0.000291111984615 0.002908573459896 0.005705397981589 0.004555260600404 0.005395054718035 0.862653186800089 0.095927504143898 
0.000000004150258 0.000000002939561 0.000000003317463 0.000000000741204 0.946858667902902 0.000000263293768 0.000000000169060 0.053141057485784 
0.001663982223107 0.000268005884697 0.000194124350969 0.000721995523038 0.007626826685493 0.114158023444502 0.810023823621850 0.065343218266345 
0.000174625199944 0.000375358647620 0.103937180562583 0.001139462526887 0.009247555659606 0.040003889368033 0.000358447412814 0.844763480622511 
0.146087078854347 0.027314887259643 0.066979585197997 0.077203737913217 0.100363728736855 0.141097039127260 0.406007598288768 0.034946344621913 
0.009160875236521 0.000133076081090 0.013097596288718 0.039115379371300 0.000522377759283 0.000075000216706 0.004027112927083 0.933868582119300 
0.000000000000000 0.000000000000000 0.000000000000000 0.000000000000000 0.000000000000000 0.999999999998731 0.000000000000000 0.000000000001269 
0.001367703564737 0.000641884500831 0.113506840437278 0.222928948316332 0.001469618882066 0.645053399489612 0.002459586148010 0.012572018661135 
0.000620046251155 0.000000625711469 0.000000061965598 0.000356421519475 0.000000092191631 0.000000684610014 0.999004012255599 0.000018055495060 
0.003180332852775 0.003359142933087 0.166525068891282 0.023592476338743 0.000214785776060 0.026807209485649 0.706671460003308 0.069649523719095 
0.000218879664458 0.000012913613971 0.000050694230204 0.000325077007833 0.998273036395979 0.000000979093732 0.000013595136268 0.001104824857555 
0.031743880393373 0.001420640694613 0.265429153494695 0.181455049748719 0.221144860297350 0.004077882926759 0.007933449725994 0.286795082718497 
0.005945780269018 0.005225558956621 0.205027018798946 0.240084698013230 0.060861498696203 0.030882873342161 0.368706807825496 0.083265764098325 
0.003175397835465 0.000025001934603 0.000007362674177 0.988865105032083 0.000568534050074 0.000014095748202 0.006877724988624 0.000466777736773 
0.098700153515765 0.235350172739581 0.026492574914244 0.527956820927484 0.008536273052367 0.013145697277061 0.075842126876849 0.013976180696649 
0.000597965401876 0.000017636751810 0.998435562927740 0.000608148378564 0.000009099094435 0.000289234736625 0.000005692758314 0.000036659950636 
0.000471353151528 0.000100900976377 0.000245699588322 0.000295822497545 0.001037643653778 0.993053286768559 0.004727111431828 0.000068181932063 
0.004325669709033 0.000674811406056 0.983756074364228 0.001641167656911 0.000791059553175 0.007331770104625 0.000311476300477 0.001167970905494 
0.001038980076767 0.003727618420395 0.006150783896496 0.878924970756236 0.042187945835967 0.005678456975253 0.015535854350552 0.046755389688333 
0.004689736808962 0.000178011426557 0.016917886979840 0.004326294765775 0.142688290362717 0.820416766844607 0.001811784848231 0.008971227963311 
0.010133007261960 0.012882813562707 0.000484413276827 0.033354314727523 0.216719337564564 0.722894391130298 0.000226469079241 0.003305253396880 
0.007158438510606 0.000583595526379 0.887299758864145 0.017338108321768 0.000933338694009 0.076264142376355 0.002317393058231 0.008105224648507 
0.002223873963062 0.000105848198967 0.043598846932263 0.337619898992317 0.001950997350264 0.000566720355835 0.612629717394746 0.001304096812545 
0.040708082492242 0.000175998758097 0.002018917869629 0.009369789772498 0.004588034228895 0.001600476919897 0.824314110856257 0.117224589102486 
0.002280527787392 0.003275881200913 0.000573565522842 0.048227524311291 0.049385353969032 0.001150155213899 0.848964101273213 0.046142890721417 
0.005018447625176 0.053892463687324 0.000001220482078 0.940781250722602 0.000026775731249 0.000002112909541 0.000271748750183 0.000005980091847 
0.000447408790639 0.000036368815744 0.013924730307992 0.099974626436485 0.866434416231402 0.000002685942518 0.000000178742635 0.019179584732587 
0.097888233391173 0.001222719348237 0.002263149330298 0.518047715163827 0.067554680554858 0.186583218663423 0.070614136081043 0.055826147467140 
0.000020091110172 0.000085973356250 0.000719097847807 0.010197271231992 0.000629683578715 0.034458377906857 0.817198606903920 0.136690898064288 
0.000000691840260 0.000001403725555 0.000000400925286 0.013178471267150 0.001041959977737 0.519483232354817 0.465305664904328 0.000988175004867 
0.000084637785350 0.000026291371414 0.000117039420131 0.001674096343475 0.006302179483066 0.000006462981878 0.990594752914245 0.001194539700441 
0.000002582439372 0.000009610770966 0.000048043816831 0.999833900983596 0.000001030459114 0.000010296916126 0.000004598151823 0.000089936462173 
0.000007339356928 0.000981754450670 0.000036439677670 0.998811375862231 0.000000238508871 0.000112477052927 0.000049816946975 0.000000558143728 
0.545092780667516 0.003317216474371 0.015678071557134 0.377932655589464 0.032302351192958 0.006872555522284 0.007725650450345 0.011078718545928 
0.027406872689317 0.007648685553622 0.278550622156708 0.093241771190029 0.018829293273466 0.135761519039795 0.078885529660105 0.359675706436958 
0.041894323498969 0.000487936668311 0.841402666604614 0.024366478125707 0.002956394171375 0.085454181242319 0.002581938156610 0.000856081532095 
0.001646967863087 0.000219765312939 0.035435173856898 0.949983806453687 0.000115083760750 0.011605451430337 0.000894239125498 0.000099512196804 
0.002476793204318 0.001329296241786 0.053099083099779 0.927580571893538 0.006433158692783 0.000091807586852 0.000388683325827 0.008600605955118 
0.008813669587590 0.047060023303735 0.007801116609322 0.716059939964585 0.200391685432275 0.004780732983095 0.000289032505473 0.014803799613926 
0.016020939334139 0.000252290664655 0.000845773720518 0.977087858690226 0.003429212266917 0.000375047188477 0.000034326987555 0.001954551147511 
0.000219887987387 0.000077455863310 0.909298105689616 0.070766306424653 0.017840889565887 0.000786040461193 0.000016752177812 0.000994561830142 
0.232883823749208 0.004879382713358 0.000335108713698 0.748611171612881 0.002416421480483 0.000322249147928 0.005506640451003 0.005045202131440 
0.084587400018179 0.000153721204070 0.743899034691799 0.151436337114091 0.001027198629317 0.004969734010016 0.002833762459247 0.011092811873281 
0.008168848385211 0.002697366542503 0.043617216331986 0.010617482578913 0.014315901928725 0.896175211506381 0.013666996917154 0.010740975809127 
0.000000000000000 0.000000000000000 1.000000000000000 0.000000000000000 0.000000000000000 0.000000000000000 0.000000000000000 0.000000000000000 
0.000038937210263 0.000047400859215 0.000946365024323 0.280935491805729 0.000140586134157 0.004026522404306 0.711777296344817 0.002087400217189 
0.000018279761551 0.000012194981586 0.001349961728363 0.012812089824493 0.000000940949809 0.000112205781656 0.938243249008654 0.047451077963888 
0.000000200143701 0.000000003135726 0.000000000002320 0.000000020480140 0.000000000318930 0.000000000075551 0.999999775652907 0.000000000190727 
0.000340066068098 0.000031538528224 0.002392021053514 0.448309856667315 0.000006488036332 0.000605115843565 0.547736667494745 0.000578246308207 
0.112362546353172 0.042702294938892 0.070759419426506 0.056413735406588 0.076655906808673 0.007773361252225 0.492750353991239 0.140582381822705 
0.015619682298260 0.017713406899106 0.190713405189551 0.136021220245961 0.301162445369747 0.280283559938043 0.022468892673947 0.036017387385385 
0.000000007214086 0.000000000003424 0.000000000000000 0.000030370756236 0.000000000000004 0.000000000000068 0.999969621992376 0.000000000033806 
0.130906615572779 0.003789731645966 0.019313130681536 0.112971232965264 0.010274912153149 0.004218017414965 0.186296634179288 0.532229725387053 
0.000000118817037 0.000000626510044 0.000000000006311 0.000000284037084 0.000000000094796 0.000000000426503 0.999998968467309 0.000000001640916 
0.000109047950707 0.000732935497633 0.000464851360776 0.025577995248863 0.969938261234747 0.000380386446426 0.002593093128499 0.000203429132348 
0.086909829236326 0.003250065453294 0.430202116064521 0.002214718119576 0.120800585895106 0.068194508127276 0.102510285062121 0.185917892041779 
0.000000045249984 0.000000127878719 0.000003686387685 0.000088679879981 0.221209839796784 0.000000001813960 0.777350818529501 0.001346800463386 
0.000000007654604 0.000000058555048 0.000080353209180 0.000059253332988 0.000008818308146 0.000000002186205 0.000000022285747 0.999851484468081 
0.499316078696031 0.020532486096040 0.000107183744332 0.215213233307931 0.000099025223295 0.000103392724657 0.046457565193760 0.218171035013953 
0.000001702395735 0.000001030275781 0.999516074027307 0.000000676540149 0.000000338743029 0.000015921756621 0.000015178296033 0.000449077965345 
0.218996408201046 0.000273215430788 0.000005777959587 0.771823061473854 0.000222486095553 0.000008763808824 0.008668062800749 0.000002224229598 
0.000000075768615 0.000002139557180 0.999838337327313 0.000080061803665 0.000001567871367 0.000000005938486 0.000000669656009 0.000077142077365 
0.000050850137360 0.000013842489674 0.000009441858387 0.001402950536239 0.000971861032705 0.007433728462603 0.987708431907515 0.002408893575517 
0.000227239119558 0.000437183429069 0.002668852418457 0.000572253945304 0.021251501978157 0.931519919554312 0.000015474025641 0.043307575529502 
0.000241369885848 0.000003346183869 0.000015939344554 0.986561114088221 0.000000452376968 0.000009772580470 0.013166230735079 0.000001774804991 
0.001883230495132 0.000926852029295 0.000229078314459 0.008676191374541 0.002163351524007 0.000192563107202 0.902021766047431 0.083906967107933 
0.000001468154537 0.000029359500630 0.000121511170288 0.000037366560309 0.000054077391425 0.999445790744960 0.000178352369088 0.000132074108765 
0.000000000000026 0.000000000000967 0.000000000000378 0.000000000001076 0.000000000000012 0.000000000037656 0.999999999959190 0.000000000000696 
0.016787221608202 0.005993886172253 0.051946844698932 0.781706990935741 0.003570694013479 0.136281142799806 0.003587479900539 0.000125739871049 
0.103030532691298 0.000560820369444 0.000155530313879 0.005022186407356 0.022620450312356 0.000005785938962 0.663849440942922 0.204755253023782 
0.000000009001491 0.000000038864851 0.000000001520258 0.000000073807494 0.000023043529089 0.000002369206281 0.999974438743554 0.000000025326981 
0.000217451195281 0.000385250755722 0.000615708991700 0.042291628423504 0.001828999611241 0.029080567187388 0.825202785598181 0.100377608236985 
0.887244045750903 0.000017686742711 0.000000129811142 0.000989552043666 0.000000571703579 0.000054494259159 0.095820828764720 0.015872690924120 
0.003090633736849 0.000010219947438 0.000050184260501 0.771561329673852 0.028469295701404 0.195182723365329 0.000861350444286 0.000774262870342 
0.000105391818165 0.031185390364400 0.000316057767865 0.430703417849468 0.003758134638797 0.001793286065441 0.006822457386778 0.525315864109086 
0.000129900948416 0.003485017082036 0.000398964413932 0.004516751070999 0.989922785645167 0.001368766467813 0.000012254610393 0.000165559761245 
0.000001173762975 0.000004316672306 0.000000101222401 0.001258763043106 0.996111826562934 0.000000006360901 0.002618599222633 0.000005213152744 
0.003027219237219 0.000643499232042 0.000390298110734 0.001484932853368 0.001581638847374 0.000363766010860 0.000069640816097 0.992439004892306 
0.000165071570390 0.001722178158394 0.018454972766551 0.002305143339417 0.963838607330928 0.001190048259869 0.000218188450193 0.012105790124257 
0.000076497196685 0.000003876738066 0.000000438899025 0.263193319300949 0.000014048057016 0.000013205905231 0.736691205950453 0.000007407952575 
0.000840397023058 0.096343424609534 0.088155222058978 0.787244715766715 0.001619616102976 0.006470420817163 0.017239722135758 0.002086481485818 
0.289723019081234 0.224814442051908 0.005007442771619 0.276775126822097 0.007820162699935 0.004118279009525 0.183426741694506 0.008314785869175 
0.000006417777273 0.000010721829878 0.999401459905012 0.000082792322915 0.000283253381675 0.000018770975842 0.000001409735134 0.000195174072270 
0.006629439577047 0.001112892266795 0.950617974206189 0.019911356996364 0.000632852609891 0.017352529222407 0.001062136315871 0.002680818805436 
0.000000001650461 0.000000000189171 0.999998825845357 0.000000680035269 0.000000000017793 0.000000492204688 0.000000000051431 0.000000000005830 
0.052005781917837 0.001961204652625 0.068090854101325 0.523652817720413 0.003529650660892 0.023748726384521 0.312363915248907 0.014647049313481 
0.001824531097795 0.000668815542102 0.026452826677438 0.878409619016850 0.007025418042697 0.001224047537676 0.082690359336163 0.001704382749280 
0.001609933827351 0.001208866419524 0.000094351611917 0.016389208125988 0.044592829703781 0.018296926174413 0.917491281221550 0.000316602915476 
0.000340862720551 0.000018602459761 0.800677735353356 0.000315227883577 0.000006451571969 0.000111653889832 0.000077211917525 0.198452254203430 
0.005198230696850 0.001208598370975 0.005298497644555 0.333029580738993 0.011859761895262 0.643293656235292 0.000040789577529 0.000070884840544 
0.001146676423829 0.032304181880545 0.180468760691641 0.096923275552589 0.372656726581878 0.287277225439075 0.001330211153728 0.027892942276715 
0.014487148412271 0.001551375474028 0.017823787472810 0.004902434605658 0.347784119153981 0.214616333789852 0.349653246819852 0.049181554271548 
0.000003987974955 0.000004586712662 0.000148723603307 0.000157924105379 0.000051842670859 0.000053551487373 0.001205046665728 0.998374336779737 
0.000430285257803 0.000040342575648 0.001172868080492 0.000146623397692 0.001218599319005 0.996393340692870 0.000478103090137 0.000119837586352 
0.000000004803983 0.000787387181400 0.000000123149046 0.999199861040066 0.000000002575839 0.000000526628506 0.000010032302117 0.000002062319043 
0.000000063202629 0.000000002537060 0.000008983150201 0.999990064732919 0.000000087442891 0.000000060923922 0.000000006720522 0.000000731289856 
0.000000000017886 0.000000000000266 0.000000000000001 0.000000000006631 0.000000000000004 0.000000000035070 0.999999999836413 0.000000000103730 
0.016678895928748 0.002906716819206 0.010106655865796 0.143593185882684 0.044651763535481 0.009400606452495 0.740832240381124 0.031829935134466 
0.040424651250522 0.114214445058514 0.424580990693974 0.032273510272634 0.030469640009865 0.012034322534217 0.073547626675718 0.272454813504555 
0.002477818588841 0.008774577076910 0.319573908261074 0.377638946749393 0.011588735767724 0.267887889928259 0.010648026521370 0.001410097106430 
0.073711908199369 0.038607453851778 0.240702170644252 0.095327312331636 0.024527240641243 0.000928792765972 0.000295499055859 0.525899622509891 
0.001171326372865 0.001655870344862 0.000012887038486 0.996198722965634 0.000019610047015 0.000767350780467 0.000159282290138 0.000014950160532 
0.008251892539494 0.002409821245513 0.183686880714467 0.741572233913539 0.002264428870344 0.022098717446957 0.023392643036157 0.016323382233530 
0.000129079113146 0.000023786911599 0.953472151112837 0.011753254930623 0.000022986693306 0.033955139183015 0.000017560033511 0.000626042021963 
0.999999993428486 0.000000000001586 0.000000000000001 0.000000000951654 0.000000000000023 0.000000000000084 0.000000005617720 0.000000000000447 
0.000000023890346 0.000000035205927 0.000000000236356 0.000000913217844 0.000000005716716 0.000000000662135 0.999998617118112 0.000000403952564 
0.000210034911402 0.000010622918202 0.920059629568183 0.000077406732628 0.061440454279904 0.017462722789876 0.000000217961631 0.000738910838175 
0.861745514691391 0.075252565833260 0.000754515091112 0.024236990531429 0.000295132757190 0.000166838333302 0.037341675199072 0.000206767563244 
0.000331192648684 0.000302007009166 0.013834907776778 0.968196388403157 0.002343395503088 0.014860919981227 0.000038570981775 0.000092617696126 
0.000000000000009 0.000000000002305 0.000000000000000 0.999999999997686 0.000000000000000 0.000000000000000 0.000000000000000 0.000000000000000 
0.000628275554318 0.000246664435198 0.000924597817428 0.111681779411227 0.017030801745904 0.861335052363618 0.008065506985330 0.000087321686979 
0.000038407155615 0.000001159459312 0.000054334195840 0.004949088941314 0.948496887033790 0.035856272159636 0.009257189634327 0.001346661420166 
0.677339700146453 0.000006615717113 0.308901643316559 0.012149316581989 0.000000139545886 0.000000268114326 0.000001661578740 0.001600654998934 
0.033887202610342 0.000390860108805 0.000000667499070 0.917210903747879 0.000010828296109 0.000032117553477 0.048137785930525 0.000329634253792 
0.000058944241117 0.000003979443284 0.000018642835769 0.997025804971284 0.000423719013369 0.000470754972884 0.001980435266764 0.000017719255528 
0.000572317495952 0.000054191815973 0.000028852420827 0.998834022558671 0.000003831873700 0.000000767531238 0.000445837216621 0.000060179087019 
0.000000000000034 0.000000000000947 0.000000000000534 0.000000000000077 0.999999897025505 0.000000000000015 0.000000000000000 0.000000102972888 
0.002615943537183 0.000001911912650 0.003900668113887 0.000245052905659 0.003004817547136 0.000241491464480 0.002477915914237 0.987512198604768 
0.000094258592924 0.000047557618348 0.881184226542048 0.004929742299556 0.000670418399117 0.109433462350228 0.000061528593011 0.003578805604769 
0.057855924819800 0.000006840351672 0.002167325383827 0.015699107527123 0.682678386680087 0.032229683164703 0.206378913545226 0.002983818527563 
0.003110615816839 0.002869996236466 0.161592982243766 0.092931319324068 0.001274623343922 0.003604852009488 0.027601433738877 0.707014177286574 
0.002313377720687 0.000151266616535 0.011022169716104 0.031655397566735 0.000703194800484 0.000968379399641 0.941739477614068 0.011446736565746 
0.011476886869997 0.000658176711991 0.020853424420375 0.537902961828068 0.299761804877993 0.127062383630571 0.000293857058793 0.001990504602212 
0.000000893119419 0.999984463104745 0.000000000085443 0.000014301365482 0.000000001447388 0.000000000068216 0.000000184475064 0.000000156334243 
0.002828916660831 0.002024921294736 0.121069871942720 0.867267819704551 0.003634362920381 0.000395734333845 0.001056432676611 0.001721940466325 
0.009360549183342 0.002739213847340 0.135461973451941 0.041243270587609 0.002451134459804 0.002118611586702 0.805804342826504 0.000820904056758 
0.013914924458498 0.000391669058681 0.972453214819985 0.002796377882033 0.001295467930503 0.008348033199779 0.000472334416934 0.000327978233586 
0.000099199630334 0.000215634379896 0.000362742888735 0.063086008449938 0.001282544517326 0.000895591405043 0.931111476745533 0.002946801983195 
0.416789656102988 0.002493560659404 0.324732469548885 0.092374195736091 0.077292712277443 0.002909734013528 0.070679577707235 0.012728093954427 
0.000000026494922 0.000000043458788 0.000000017959210 0.996343949756155 0.000000000741947 0.000000001731353 0.003655644929925 0.000000314927699 
0.001805964685863 0.000003593153323 0.001345929565387 0.995469913969351 0.000000773608134 0.000000681008957 0.000066195678410 0.001306948330574 
0.000000026263855 0.000000104195993 0.000015203389448 0.999977835266110 0.000000001178902 0.000000167588852 0.000006613337168 0.000000048779672 
0.000186961843928 0.000269972081788 0.002722923920970 0.996556935888994 0.000053724629854 0.000204753036492 0.000000540647141 0.000004187950833 
0.000175977048491 0.000299592608537 0.000140644239839 0.003619787423243 0.001724036426800 0.010165547442401 0.004466420930665 0.979407993880023 
0.082292202329251 0.001025784674981 0.054205851088619 0.536897851789575 0.041729939978954 0.214435256065884 0.043947021704015 0.025466092368720 
0.018739132733393 0.000020284342354 0.000099451419213 0.905153006022894 0.000231550797203 0.000064092623277 0.075537860703798 0.000154621357868 
0.001659637814006 0.000504725477831 0.722617035868398 0.027401462673922 0.178676944195250 0.054669687360781 0.009774044915359 0.004696461694454 
0.000029539100297 0.012566173243264 0.015083441316441 0.008347311746945 0.691082729250775 0.085017705989223 0.011237377969903 0.176635721383152 
0.000002028253008 0.000020241295218 0.999944278951811 0.000024326951121 0.000007416608190 0.000001615193616 0.000000007072119 0.000000085674918 
0.042703447708599 0.000068421283503 0.834229596107742 0.005577879351172 0.005998435346070 0.000857742500561 0.036258406561701 0.074306071140651 
0.000845293083636 0.000354742939027 0.003350729665707 0.001067413180188 0.070945227295318 0.051374818130874 0.113565314865657 0.758496460839593 
0.076808397729356 0.000436814779012 0.017585497551476 0.853293851200066 0.034579533150848 0.002679697673088 0.010829208557329 0.003786999358825 
0.003771900205940 0.001305895363592 0.736006468846248 0.000823813514438 0.000591164421018 0.090297512039966 0.026532938087818 0.140670307520981 
0.000000128580146 0.000000000352778 0.999996573692072 0.000000009861639 0.000000132030428 0.000000000829935 0.000000267337635 0.000002887315367 
0.000000121436389 0.000000316094297 0.000156618873701 0.000000532898288 0.996879618588855 0.002607077908956 0.000000007932360 0.000355706267154 
0.000026909303960 0.001110098577512 0.000063197964852 0.000268631646931 0.998302982533220 0.000003574309816 0.000075592880006 0.000149012783703 
0.000782167464163 0.008664494533440 0.108390840389471 0.033621730102912 0.004157373842985 0.001076756829019 0.099155922626244 0.744150714211765 
0.000000000000281 0.000000000006722 0.000000000002955 0.000000000000562 0.999998717558550 0.000000006125709 0.000000000000106 0.000001276305116 
0.000687594567858 0.000335373344789 0.000018223361563 0.417088777301132 0.000004254487777 0.000088154801175 0.580174600942754 0.001603021192953 
0.000066977975062 0.000044434839490 0.210027517102372 0.003155157943130 0.096682126994885 0.003899754318731 0.000020486248065 0.686103544578264 
0.000024097498471 0.000006052721691 0.000005883183560 0.000115339279018 0.000004796555409 0.995935760740684 0.002079594157848 0.001828475863317 
0.999997717602084 0.000000000056823 0.000000000000009 0.000002281854012 0.000000000004903 0.000000000001054 0.000000000244134 0.000000000236981 
0.001860906389993 0.084982357445106 0.002995237943962 0.024068568447611 0.817633077517652 0.047874580041227 0.020325244308856 0.000260027905593 
