0.001480782830409 0.000000001443472 0.000000762468690 0.992037478584735 0.006480974516479 0.000000000156214 
0.999999999495885 0.000000000000393 0.000000000000002 0.000000000000318 0.000000000072362 0.000000000431040 
0.059674559631379 0.000000065975691 0.000008074985486 0.000096072976228 0.940193582365824 0.000027644065392 
0.995799642542743 0.000009250257179 0.000000011288524 0.004175758737161 0.000012453943929 0.000002883230463 
0.999971646536687 0.000000902470031 0.000000000925267 0.000000232846045 0.000000087436908 0.000027129785061 
0.000000069061555 0.000000003295896 0.000000000536858 0.999982369576686 0.000017544542403 0.000000012986602 
0.944092457182991 0.000000050210525 0.000000977408480 0.000128523193507 0.050927044229997 0.004850947774500 
0.000010828169995 0.000000000011120 0.000000059668626 0.002305910921779 0.997683201159142 0.000000000069339 
0.999999725938906 0.000000000329775 0.000000000022581 0.000000058437836 0.000000013093495 0.000000202177407 
0.000431397781662 0.999530144211068 0.000000013615323 0.000011897051446 0.000022482800435 0.000004064540066 
0.000026746127404 0.000000006579344 0.000000001553491 0.000003760010286 0.999969135434715 0.000000350294760 
0.037486830728685 0.000000648836169 0.000011396598911 0.019588050084417 0.942399884869166 0.000513188882654 
0.645287461536579 0.000129656827719 0.000614864041905 0.027709793157742 0.326257156592578 0.000001067843478 
0.000666009071702 0.000000030238277 0.000000157170086 0.255001139210186 0.744332625820515 0.000000038489234 
0.000000000086541 0.999999815667528 0.000000000000283 0.000000182584970 0.000000000665142 0.000000000995536 
0.726661479742347 0.265066497672419 0.000008375125043 0.000028772958587 0.001118839211019 0.007116035290585 
0.713610804543029 0.002292671478302 0.000000000088616 0.000052825815494 0.000000105305777 0.284043592768782 
0.015691355690437 0.000000013059039 0.000002413469278 0.978137220797459 0.000002012575503 0.006166984408284 
0.000000000000798 0.999999999204831 0.000000000000001 0.000000000000001 0.000000000000299 0.000000000794070 
0.000000001247356 0.999999995302794 0.000000000000056 0.000000000000158 0.000000000000045 0.000000003449592 
0.000000000000017 0.999999973893156 0.000000000000000 0.000000000000000 0.000000000000027 0.000000026106800 
0.460228637186557 0.000000000290583 0.000000003236602 0.000000053501728 0.539759356090398 0.000011949694131 
0.143645620552645 0.190809643088184 0.012765386113110 0.499624740694715 0.051605502171402 0.101549107379945 
0.039070232327838 0.535203075635297 0.002024264157484 0.048946959639760 0.368284690841911 0.006470777397709 
0.011765349120381 0.000002670094794 0.000000583870525 0.000255033261833 0.987976286784499 0.000000076867968 
0.952657885327948 0.031458394149831 0.000506062981607 0.000150191497688 0.013589777451653 0.001637688591273 
0.998729390811988 0.000064910483310 0.000000044107702 0.000000030441732 0.000051820671889 0.001153803483380 
0.338754189702140 0.000025507691120 0.000008504198810 0.660683391007559 0.000142715054894 0.000385692345478 
0.999984431004595 0.000000180901063 0.000000000489775 0.000014969951953 0.000000362883290 0.000000054769325 
0.000219772032795 0.983116389579493 0.000000021138755 0.005034717994468 0.011592838254091 0.000036261000399 
0.998510441267530 0.000843154224715 0.000000054835356 0.000528392769470 0.000104561120829 0.000013395782100 
0.000084912123114 0.999871326301921 0.000002706731656 0.000001988880417 0.000001175862447 0.000037890100445 
0.125993276550105 0.000882906957181 0.000041705533748 0.000963113074392 0.872103879616424 0.000015118268149 
0.994711398726364 0.000000002264725 0.000000000306712 0.000003069753062 0.000004174213355 0.005281354735783 
0.000000081696943 0.000000001488080 0.000001298294269 0.999960744852519 0.000001268431759 0.000036605236431 
0.996139286147880 0.000000381712479 0.000002125426254 0.003472507978740 0.000374447786866 0.000011250947781 
0.001563327238614 0.936337880933109 0.000811773754783 0.000673751719412 0.054419165306258 0.006194101047823 
0.675599967182138 0.000563657228209 0.000004291800815 0.000014525945791 0.323581539526301 0.000236018316745 
0.952847504947365 0.000307310966166 0.000108701995741 0.000307692268122 0.028513135477851 0.017915654344755 
0.998885672035145 0.000069149139127 0.000019442776418 0.000894500631272 0.000053208364353 0.000078027053685 
0.004662826548813 0.000000003115914 0.036807138958436 0.001150402429431 0.000007830818973 0.957371798128433 
0.001787414592896 0.000000026428178 0.000000037030458 0.000504362619866 0.997707566911606 0.000000592416996 
0.998603023163515 0.000000094035078 0.000003646663371 0.001051037031133 0.000336666425371 0.000005532681533 
0.999032444641601 0.000000000027294 0.000000000049421 0.000965602765906 0.000001949031406 0.000000003484372 
0.000000000000000 0.000000000000000 0.000000000000000 1.000000000000000 0.000000000000000 0.000000000000000 
0.016452092449223 0.982060258673156 0.000130947692382 0.000025261662965 0.000135800642816 0.001195638879458 
0.427509771781745 0.564961250768868 0.000080754398004 0.000258957103665 0.005137220354283 0.002052045593435 
0.273006950023944 0.086703092560712 0.005597888946471 0.006889507160759 0.132196909914853 0.495605651393262 
0.999614754477691 0.000000319532988 0.000000456537351 0.000223753553416 0.000128625648794 0.000032090249760 
0.000000000000001 0.000000000000116 0.000000000000000 0.000000000000002 0.999999999999882 0.000000000000000 
0.999749940160162 0.000004158026102 0.000000012339626 0.000002311763069 0.000173389492713 0.000070188218328 
0.000337973266285 0.034389508057886 0.396553720850588 0.000584470786024 0.568022777722164 0.000111549317053 
0.904333399344825 0.000002006201987 0.000000004423887 0.000000765438334 0.008071086413780 0.087592738177187 
0.000001427765548 0.997363592095266 0.000000015095489 0.000000048792955 0.002634900419014 0.000000015831727 
0.872849134412298 0.057729177873944 0.000081660303872 0.000369229354208 0.066813337787584 0.002157460268094 
0.012670751855299 0.000000740804599 0.000000072184612 0.982250467074733 0.000627913622323 0.004450054458434 
0.999998569697675 0.000000012032417 0.000000134385751 0.000000451493694 0.000000635047251 0.000000197343212 
0.000000000862339 0.000000068365146 0.999997302391546 0.000000001133560 0.000001742383251 0.000000884864158 
0.882521056325898 0.001466505923127 0.003314681857295 0.000289961433836 0.109085573083720 0.003322221376125 
0.994732161621370 0.000000002213587 0.000000126022955 0.001320451226737 0.000202364149673 0.003744894765678 
0.999411945294570 0.000000264102586 0.000000457102479 0.000574409370007 0.000006757563055 0.000006166567303 
0.993560540882899 0.000017061428562 0.000012870016145 0.000016831468783 0.006313719708647 0.000078976494964 
0.037914619678966 0.000002387560325 0.069515988829776 0.814339032568683 0.001344049109469 0.076883922252781 
0.999972481394117 0.000000001107382 0.000000017908372 0.000007026670911 0.000001268257662 0.000019204661557 
0.000000135137353 0.999999857175556 0.000000000201363 0.000000004471463 0.000000001988112 0.000000001026152 
0.310812872610222 0.678361977303849 0.000005691343375 0.008345613197997 0.002272887467534 0.000200958077024 
0.792159951435073 0.001299595848426 0.000350362596876 0.008107433284523 0.144995590310462 0.053087066524641 
0.065998045727255 0.767205836746079 0.000000019472548 0.000024924977431 0.166718228247620 0.000052944829067 
0.890072166885840 0.000659728129271 0.000618939682704 0.000870822201720 0.000044631854244 0.107733711246220 
0.975484805135388 0.000133383690040 0.000000000360467 0.000002813361024 0.000012123538124 0.024366873914958 
0.071291861886305 0.000000000000118 0.000001084152375 0.928696678122121 0.000009573582294 0.000000802256787 
0.074327221922701 0.000000044345792 0.000005439910139 0.000025558029722 0.925641733695778 0.000000002095868 
0.158825752513171 0.000051906965134 0.000232679735928 0.000054709807205 0.138642365181979 0.702192585796584 
0.999999994071981 0.000000000034278 0.000000000000165 0.000000002491297 0.000000001339093 0.000000002063185 
0.917743658546231 0.000000015841905 0.000067883662305 0.000000287901576 0.082159141181844 0.000029012866139 
0.005640480485593 0.811552641608685 0.000003330240532 0.000005866478467 0.182751855969529 0.000045825217194 
0.062808615149619 0.936455729031860 0.000000009054871 0.000541975353392 0.000165758270782 0.000027913139477 
0.377417420659609 0.621913982602107 0.000000093227463 0.000011677186547 0.000157242165205 0.000499584159069 
0.004748080997820 0.770778109141691 0.000000061783176 0.217395991457135 0.000019623852977 0.007058132767200 
0.099044081719845 0.026599835217265 0.000004697875099 0.001160914342505 0.000033783762914 0.873156687082372 
0.999987774132058 0.000000085327228 0.000000013228368 0.000004622327342 0.000000949590283 0.000006555394720 
0.594633184919246 0.003747259300204 0.007314895286727 0.002681763819105 0.079700409157232 0.311922487517486 
0.000030905351302 0.399723904974206 0.000000444648743 0.006613573124127 0.593628718686767 0.000002453214855 
0.000001595588068 0.000000323095402 0.974619446797518 0.012852869371792 0.012511110428760 0.000014654718460 
0.999737019837667 0.000003508882263 0.000000262107001 0.000016241741159 0.000163254044579 0.000079713387331 
0.998109925437290 0.000009598997779 0.000009613407079 0.000186707401758 0.001023495179178 0.000660659576916 
0.061520270061038 0.000200772413212 0.002911524173416 0.001157215530743 0.029362451992691 0.904847765828900 
0.999292558030575 0.000000008077465 0.000000158614724 0.000000030602391 0.000085522787905 0.000621721886939 
0.986473809938736 0.000000364059507 0.000000002832182 0.007238447695025 0.000035466977618 0.006251908496932 
0.999988555140568 0.000000000004497 0.000000000960880 0.000000019493175 0.000011193565598 0.000000230835282 
0.000665782221127 0.985626365151720 0.000047229685348 0.000001541880263 0.000023435749707 0.013635645311835 
0.999992235697616 0.000000000020120 0.000000000001104 0.000000284501371 0.000006406882439 0.000001072897351 
0.430456244693383 0.000000015410764 0.000000025437291 0.000964935210148 0.553900839336552 0.014677939911862 
0.981820030098037 0.000293798248388 0.000001425415431 0.003872266609563 0.011449980452796 0.002562499175785 
0.100994380042627 0.002559200415864 0.002063255081090 0.017597007728273 0.876700011884783 0.000086144847364 
0.000000001670687 0.000000000012790 0.000000681819631 0.000000000590075 0.999999315804459 0.000000000102356 
0.173496073137178 0.004283476584284 0.001143821633370 0.004641580651673 0.051657529587361 0.764777518406133 
0.912333274497859 0.000000001015738 0.000005442239423 0.046068312806324 0.041432904336271 0.000160065104383 
0.163140936819380 0.000124588928899 0.050700433977878 0.092124826784201 0.001204042289311 0.692705171200332 
0.035544324923727 0.000273495668933 0.000008145664203 0.950226623351934 0.001902520349798 0.012044890041405 
0.000000002011631 0.000000061009938 0.000000000003404 0.999999936288740 0.000000000504093 0.000000000182194 
0.000000009043858 0.999999990779459 0.000000000004478 0.000000000000095 0.000000000013849 0.000000000158262 
0.290157560588544 0.373771290568440 0.000867165083858 0.000009613221272 0.000169728375288 0.335024642162598 
0.993953787578632 0.000000481593921 0.000008546535475 0.000076115728323 0.005956307333863 0.000004761229786 
0.910306764131416 0.001048983548380 0.000047946553660 0.026029789864275 0.040678579274388 0.021887936627881 
0.000000476373567 0.000000000104288 0.000000000080168 0.000003009569579 0.999996513646864 0.000000000225533 
0.999999960589273 0.000000000000468 0.000000000000552 0.000000002491278 0.000000036917873 0.000000000000556 
0.999388443449947 0.000000025391744 0.000000020369814 0.000000898120363 0.000160931500922 0.000449681167210 
0.000003469435305 0.997703926372814 0.000000042092397 0.000000202600715 0.002290858333212 0.000001501165557 
0.000000000000038 0.000000001093634 0.000000002481482 0.000000000000007 0.999999996424106 0.000000000000733 
0.993013290591562 0.000365863139332 0.000012296680246 0.001748623746975 0.000625405554950 0.004234520286935 
0.086176397740377 0.207426556421553 0.000076965911116 0.491360135305120 0.168397512792949 0.046562431828886 
0.999999357356128 0.000000000019135 0.000000000471175 0.000000060219438 0.000000513795432 0.000000068138691 
0.000050474722296 0.999892110220630 0.000000000184586 0.000055936250724 0.000001159249325 0.000000319372439 
0.022650041712541 0.001164752587875 0.000001196053004 0.000042672597629 0.002978237532605 0.973163099516346 
0.043569913481645 0.000148959153887 0.001506769348322 0.713510286944871 0.241241101459081 0.000022969612193 
0.021926537981584 0.493157050019570 0.000007789938477 0.482011360459400 0.001430176242514 0.001467085358455 
0.938879192528323 0.010754763959996 0.004679664014023 0.008591057317806 0.036371184098385 0.000724138081467 
0.999955183088274 0.000043589475781 0.000000000510845 0.000000019646732 0.000000128434753 0.000001078843614 
0.000000000000000 0.000000000000000 0.000000000000000 1.000000000000000 0.000000000000000 0.000000000000000 
0.010321061456532 0.000003547672973 0.001445337139783 0.000009094882458 0.002595316849280 0.985625641998974 
0.471382720970415 0.363627624766127 0.000112370968205 0.152333216477814 0.002849861324771 0.009694205492668 
0.030797581071579 0.000000025113529 0.000000020825469 0.000226243404153 0.000003708514638 0.968972421070632 
0.000000000001760 0.999999999996189 0.000000000000000 0.000000000000063 0.000000000000001 0.000000000001987 
0.999999999975912 0.000000000000003 0.000000000000000 0.000000000000000 0.000000000000067 0.000000000024018 
0.064379476109918 0.000016978030205 0.000000046913968 0.000227192020991 0.000022474249055 0.935353832675863 
0.001352087508763 0.002110581920019 0.003271631208150 0.009047339177473 0.984151354667212 0.000067005518383 
0.999990204945534 0.000000000091272 0.000000000110286 0.000000002739748 0.000009791853484 0.000000000259675 
0.000000000000000 0.999999999999565 0.000000000000000 0.000000000000000 0.000000000000000 0.000000000000435 
0.998550780542874 0.000014755048381 0.000000000001185 0.000011130313003 0.000051367736836 0.001371966357720 
0.007919349465219 0.001835147875243 0.000008627237445 0.975362370717547 0.011869464148084 0.003005040556462 
0.998211471215434 0.000044317092057 0.000002123382695 0.000275614025286 0.001445702191015 0.000020772093513 
0.005285203694592 0.994680082768457 0.000000026393340 0.000003817006358 0.000000108267143 0.000030761870109 
0.803069891044225 0.000000189292286 0.004497365350156 0.005905663156481 0.186134912643051 0.000391978513801 
0.999764110347830 0.000000151010583 0.000000027477842 0.000225683740404 0.000005085791343 0.000004941631997 
0.152886859860598 0.000000715362014 0.000001222897996 0.000015330180219 0.292550754070285 0.554545117628887 
0.999994919852400 0.000000000149904 0.000000503841007 0.000000001834810 0.000000003900172 0.000004570421707 
0.834371716333702 0.000013613667959 0.000614469494566 0.164777982316387 0.000040703915229 0.000181514272156 
0.000000000000021 0.000000000030688 0.999999999304038 0.000000000000046 0.000000000607202 0.000000000058005 
0.482953458430295 0.000003824962138 0.000000000055351 0.000000027089084 0.000002664284573 0.517040025178559 
0.880402797921886 0.000113412862030 0.000347649506371 0.014887255742463 0.097638270042951 0.006610613924299 
0.000177997373557 0.000052608241758 0.000008616274467 0.000003240095468 0.999632304539780 0.000125233474969 
0.000000000000306 0.000000000001712 0.999999965391908 0.000000000000631 0.000000004464762 0.000000030140681 
0.001208747122977 0.000001649891728 0.000349795838810 0.022541191924327 0.000189613855864 0.975709001366295 
0.000810369461567 0.000000076383794 0.000044192507850 0.832630519779775 0.166251215382732 0.000263626484283 
0.999582516788186 0.000000007027129 0.000000003217801 0.000391389405971 0.000012411245882 0.000013672315031 
0.387340482747360 0.002595367452051 0.000033535996542 0.000060038101495 0.606815084712846 0.003155490989706 
0.999899757393348 0.000000019074562 0.000000000009878 0.000000000022477 0.000000404323617 0.000099819176118 
0.983835684852245 0.000973525652393 0.000000299576393 0.000575232424216 0.000000250222233 0.014615007272519 
0.385038054096422 0.006142993543897 0.006875278633305 0.015888922546174 0.528975528684218 0.057079222495984 
0.008778861409742 0.007752898079865 0.016735910150875 0.005631223402991 0.958593129286447 0.002507977670080 
0.988651097541041 0.000000069148201 0.000000007631558 0.000000515920170 0.002123915855005 0.009224393904024 
0.999973900764463 0.000000000000379 0.000000000215546 0.000019298057794 0.000001495565593 0.000005305396226 
0.696427131348311 0.000000014388708 0.000001434388241 0.000001853505008 0.303564214058650 0.000005352311082 
0.065300216621361 0.000033240886277 0.000000262430402 0.903752331795036 0.000888798572819 0.030025149694107 
0.034080641121752 0.000000000760408 0.000063892615609 0.904805057158690 0.061048553955411 0.000001854388131 
0.000078056574499 0.001005202082973 0.001729562694626 0.001929128986819 0.638881249374656 0.356376800286427 
0.000697811825224 0.000859763606283 0.000000380310017 0.025611108830814 0.972826932197903 0.000004003229759 
0.000005905727009 0.000000086739801 0.000110839982216 0.000006002965274 0.999877009151446 0.000000155434254 
0.221870021441537 0.001787095580657 0.002758921165928 0.000218375705774 0.773148950436550 0.000216635669553 
0.898349186353529 0.025822490620428 0.001371052703742 0.008521802177602 0.000024237817515 0.065911230327184 
0.999996158184515 0.000000007944437 0.000000000277654 0.000000009049342 0.000001375306639 0.000002449237413 
0.067773253173475 0.010051145631032 0.000564072562495 0.741183046529642 0.177144825494741 0.003283656608616 
0.634479212590360 0.356760441649471 0.000001934501758 0.000058071778383 0.000065418808164 0.008634920671865 
0.983327036551612 0.000001032225381 0.000000079029588 0.000147414454217 0.014610080813624 0.001914356925578 
0.000000000017459 0.999999983623488 0.000000008383436 0.000000000254215 0.000000004474550 0.000000003246852 
0.077750604998313 0.650093586890978 0.000000000637499 0.260040225460391 0.012111026666259 0.000004555346560 
0.439336016821422 0.000006251677411 0.000003789673295 0.040829895031735 0.003184962561955 0.516639084234182 
0.999577246266541 0.000000000218352 0.000000005258696 0.000404207239237 0.000000026822551 0.000018514194624 
0.051204190577020 0.948556519506184 0.000000102574764 0.000004626389022 0.000065834015318 0.000168726937692 
0.000498163770867 0.000013104672947 0.000000044728647 0.000000183331164 0.999488453045295 0.000000050451080 
0.996066028823687 0.002445216212254 0.000013256908707 0.000215693588407 0.000420277340707 0.000839527126238 
0.024329055647624 0.000008352965460 0.000970708891640 0.009515845359430 0.882581681728149 0.082594355407697 
0.543380358029690 0.113016016760176 0.001631386961943 0.005046089313424 0.336921359967296 0.000004788967471 
0.984508312467935 0.000000031750958 0.000002129862919 0.002971635103979 0.001391249607355 0.011126641206854 
0.005616456496733 0.992196277851901 0.000000499651825 0.000004058348946 0.002181997951190 0.000000709699404 
0.999992808808521 0.000000000026839 0.000000001141883 0.000000021173251 0.000006063840631 0.000001105008875 
0.985610596261814 0.000004141494126 0.000000009657279 0.000071862719313 0.000131421225012 0.014181968642455 
0.154805145163041 0.000000000000023 0.000000000000034 0.000000000101326 0.000000000002782 0.845194854732794 
0.000045930963263 0.955805262075528 0.000025753214919 0.043522332255600 0.000527352639817 0.000073368850873 
0.999999911231865 0.000000000475802 0.000000000007488 0.000000001159833 0.000000082476693 0.000000004648319 
0.107372805293406 0.000000000515328 0.000031746491631 0.892536081647804 0.000004065481635 0.000055300570196 
0.000549551850882 0.999082992249294 0.000011194506081 0.000000484640999 0.000120681413800 0.000235095338944 
0.901433647936970 0.011946047112486 0.000212855113740 0.001963201262565 0.000863230474198 0.083581018100041 
0.996946039725548 0.000002591098520 0.000000046289595 0.000000414534914 0.003050686495715 0.000000221855707 
0.000009030785219 0.990761700085482 0.000000139178127 0.002897197937146 0.005552754113401 0.000779177900625 
0.976071826727889 0.000212470138896 0.000000817929981 0.000195160335812 0.006254468552400 0.017265256315023 
0.980839504005042 0.000011697137113 0.000005818858571 0.018567984639229 0.000562692963055 0.000012302396991 
0.000258636730376 0.997268670657448 0.000000025310030 0.000006193284078 0.000457106082395 0.002009367935672 
0.022942702432224 0.976807801083483 0.000000000969767 0.000000016196748 0.000181412816441 0.000068066501336 
0.995705633131161 0.000088558818212 0.000005774703677 0.000483781299383 0.000127653804043 0.003588598243524 
0.003395119243936 0.000001362081661 0.024504086113607 0.477082238503337 0.464972788161243 0.030044405896217 
0.822986468048902 0.028049470599065 0.000398355585493 0.003844293182331 0.144364270021531 0.000357142562678 
0.337002568061115 0.000260425239017 0.000456101708530 0.010205334264340 0.291774297810550 0.360301272916449 
0.810324030340176 0.000124683619415 0.000002914969872 0.000098462866191 0.000079637053766 0.189370271150581 
0.217907936386352 0.731262625060256 0.000000002027276 0.026315093277129 0.000031008704098 0.024483334544889 
0.800997095647728 0.003151401646947 0.011432535950739 0.024117309547055 0.159306070120734 0.000995587086796 
0.999947803126850 0.000015856085339 0.000000159209929 0.000000010631312 0.000002511344733 0.000033659601837 
0.193690439195920 0.805844834036724 0.000001496855373 0.000000216766723 0.000463004368549 0.000000008776711 
0.999732477569978 0.000000075326220 0.000000074839684 0.000021242969631 0.000026525936753 0.000219603357733 
0.095859573328326 0.004127014824060 0.003844003273651 0.026313769116459 0.857202639438184 0.012653000019319 
0.996877657286499 0.000006176818484 0.000268385218403 0.002322090950598 0.000504673320861 0.000021016405154 
0.999989411396172 0.000000000827377 0.000000114181039 0.000010234455003 0.000000184563808 0.000000054576602 
0.933637115061275 0.000000309704431 0.063383136164225 0.000166487813399 0.002108249189353 0.000704702067318 
0.004565126142449 0.000016395820014 0.009191169132574 0.041920759017571 0.944146312493865 0.000160237393527 
0.627780621823317 0.000005784813121 0.000000113681575 0.003516375519391 0.000410748069150 0.368286356093447 
0.358836731590153 0.002975641060735 0.000189502606182 0.023955489358922 0.612382751752542 0.001659883631466 
0.000066734067386 0.000000017845134 0.274977781253967 0.000018272470409 0.020337171072419 0.704600023290685 
0.565050122397393 0.003232689455122 0.008220692402649 0.376472287675543 0.046038658209804 0.000985549859489 
0.000621459175648 0.168585820903775 0.074835243440260 0.004224305814303 0.741084714262617 0.010648456403397 
0.336666299846133 0.000000103310890 0.000005007253247 0.007559251910069 0.481315139669955 0.174454198009706 
0.000976481398976 0.000563938781106 0.017896057236834 0.000077598314102 0.022607923054792 0.957878001214190 
0.291356224162567 0.000000446798279 0.004259363161673 0.000112106794076 0.695448288143592 0.008823570939813 
0.998652322557374 0.000005659536348 0.000000518379319 0.000009499241674 0.001329797523408 0.000002202761877 
0.812447692999526 0.000609315876135 0.003967878362278 0.004753977016114 0.040753084671611 0.137468051074335 
0.000703036324051 0.007845101164812 0.000291537476117 0.000394409046775 0.989335278298792 0.001430637689454 
0.000508197389458 0.661020369159932 0.000000163070922 0.000008594478258 0.000020025569541 0.338442650331890 
0.990260637990180 0.000000000024838 0.000000000097908 0.000003369732816 0.009735394668326 0.000000597485931 
0.903434531595516 0.019576769751032 0.001863528337697 0.000026279230845 0.070826529893959 0.004272361190951 
0.999990935292597 0.000000580642804 0.000000000153059 0.000000005577367 0.000008455959789 0.000000022374385 
0.999999944970851 0.000000000652076 0.000000000018705 0.000000000568102 0.000000023349040 0.000000030441225 
0.927439180499339 0.000003644840106 0.000000042595038 0.069549394943816 0.002111412635020 0.000896324486681 
0.998527528445548 0.000218527311306 0.000000303937558 0.000146597832067 0.000011870151850 0.001095172321671 
0.999105066908796 0.000014344336914 0.000000237431819 0.000027518712400 0.000811086919581 0.000041745690490 
0.999976331324402 0.000000000000205 0.000000000331958 0.000000001718415 0.000004602717496 0.000019063907525 
0.081699151036426 0.000039515732730 0.000243108753761 0.486517859234353 0.165846657358098 0.265653707884633 
0.061939688784382 0.008206209715571 0.000000016501507 0.000153339808465 0.000075865074656 0.929624880115418 
0.999999999955194 0.000000000000000 0.000000000000000 0.000000000000000 0.000000000000099 0.000000000044707 
0.000015866459785 0.000000152617183 0.000000000098353 0.999636941679570 0.000347014801176 0.000000024343934 
0.998977326426083 0.000840550774671 0.000000651549023 0.000137810886978 0.000019277090326 0.000024383272919 
0.000794646078641 0.000101565593530 0.000011203394709 0.000005506266633 0.999086690788000 0.000000387878486 
0.000037251986349 0.999905714689912 0.000000105975883 0.000001518277196 0.000003337180431 0.000052071890229 
0.000000015674342 0.044957811487381 0.000058211900309 0.000000005930302 0.954983943756126 0.000000011251541 
0.000150107444250 0.279548570447188 0.000002402911994 0.209515150400569 0.000020581062002 0.510763187733997 
0.973760836730351 0.000032527991806 0.000014960613858 0.021249125168590 0.000031902392436 0.004910647102960 
0.399105173785845 0.575457269239042 0.000000859538428 0.000000467348641 0.001170502303142 0.024265727784902 
0.000072367285142 0.000000005662184 0.000000003272092 0.000000013611290 0.999923779535254 0.000003830634038 
0.549730594265630 0.000108606863856 0.000000740013839 0.000010141983684 0.000001056174701 0.450148860698289 
0.008896447025747 0.989888179195916 0.000000007449914 0.000121906244967 0.001093323332347 0.000000136751108 
0.002067810867715 0.000003561314701 0.000317205482871 0.038419090936154 0.009531885012459 0.949660446386100 
0.040898867588083 0.000004789795198 0.000015202922123 0.000057213372402 0.948083307337658 0.010940618984536 
0.000129042954643 0.831307740393263 0.000002918924804 0.101432144891584 0.004247404335149 0.062880748500557 
0.020962406497312 0.000000404422945 0.000000075949696 0.665275118190377 0.000007547119337 0.313754447820333 
0.000537283324156 0.000000008749975 0.000000156532059 0.998286472680769 0.001176048725535 0.000000029987506 
0.013437283354221 0.244445696313935 0.000081143440773 0.000016830596702 0.742010343636664 0.000008702657704 
0.000748995281712 0.999242413196949 0.000000000200450 0.000001063592878 0.000000046445889 0.000007481282122 
0.885818451865703 0.000001889112800 0.000011928342619 0.094079674282202 0.020043241647810 0.000044814748866 
0.000300958997108 0.000000311599688 0.000000000274721 0.000000013562916 0.749636748789045 0.250061966776522 
0.999986630898106 0.000000118772805 0.000000165445605 0.000011135043294 0.000001163481948 0.000000786358242 
0.979543775779884 0.000000088643037 0.000000000603625 0.000000004334289 0.000000730188329 0.020455400450836 
0.999999998036252 0.000000000000119 0.000000000000001 0.000000001479133 0.000000000123772 0.000000000360724 
0.056671732195228 0.000405394965382 0.000000078901173 0.000002747828092 0.942886142862327 0.000033903247798 
0.866669806263829 0.000000511807520 0.000085523683444 0.131883381412719 0.001360344610804 0.000000432221685 
0.993980135096499 0.000000015511129 0.000000017779174 0.006017471904174 0.000002207777825 0.000000151931199 
0.345100776209553 0.618103846242448 0.000144546572739 0.034441680705181 0.000262954695876 0.001946195574203 
0.846375099367476 0.000000000494906 0.004079370311993 0.085836355558784 0.048199210497833 0.015509963769007 
0.517525709189944 0.000183593574901 0.000026882203359 0.000285612067431 0.445304894395777 0.036673308568589 
0.000051637858938 0.000000266773606 0.007540585449558 0.000382720555899 0.015363580789022 0.976661208572976 
0.025885592398684 0.000282642207940 0.000016573943855 0.907865768734017 0.031702848531448 0.034246574184057 
0.720410060563970 0.270223819970282 0.000046842263303 0.000367898048414 0.001577893261422 0.007373485892609 
0.968071622673734 0.000196544988436 0.000035505632785 0.003267045549766 0.028338635196668 0.000090645958613 
0.999964854042169 0.000000001410509 0.000000018632935 0.000034044735555 0.000001006173389 0.000000075005443 
0.994309218468078 0.000007583975407 0.000000038182557 0.000000091403046 0.005682312290311 0.000000755680601 
0.367184691561043 0.000087906192116 0.170766131476520 0.060862362859895 0.400364334271938 0.000734573638489 
0.022866238287556 0.001491990466637 0.856462995154808 0.035540969877848 0.002279648152794 0.081358158060357 
0.858722626295739 0.000001150263729 0.000000000006643 0.000036963880967 0.000215840831705 0.141023418721217 
0.000000002026684 0.999999995734883 0.000000000001368 0.000000000527085 0.000000001689181 0.000000000020799 
0.980296527516172 0.007199295003123 0.000008811611884 0.003441887817430 0.000264661164674 0.008788816886717 
0.999921663269520 0.000001382456817 0.000000071449256 0.000007848663152 0.000041267745663 0.000027766415592 
0.000778789683002 0.999220771900890 0.000000000334445 0.000000007104627 0.000000043607812 0.000000387369224 
0.143134652082003 0.000081693226311 0.000007156929793 0.004719938690264 0.000014568637316 0.852041990434313 
0.645958738184052 0.199410522901752 0.000034532154620 0.149020760575725 0.000219225506033 0.005356220677818 
0.000000000000001 0.000000000000000 0.000000000000007 0.000000000000000 0.000000000000000 0.999999999999992 
0.020584412055804 0.978591304376327 0.000000030834822 0.000332112700954 0.000207597035644 0.000284542996448 
0.830959784172007 0.000001699436420 0.000002012477758 0.000006954067069 0.000703747817474 0.168325802029273 
0.015759917270090 0.000000000000120 0.000000000000026 0.000000018412695 0.000000000042007 0.984240064275062 
0.999689028521285 0.000001195183271 0.000000183839817 0.000005977960989 0.000031133317192 0.000272481177446 
0.000045726511024 0.000848000512051 0.000000320599769 0.995935962305626 0.000089794905280 0.003080195166251 
0.000000021296095 0.000011845860092 0.000000125997709 0.999987889289670 0.000000087671224 0.000000029885211 
0.000000530020272 0.999999417407108 0.000000000002615 0.000000002563402 0.000000011444683 0.000000038561920 
0.337910976567947 0.000103190599299 0.000070642204041 0.000835975040551 0.660899957292753 0.000179258295409 
0.012372941342895 0.000004880546579 0.000000355008771 0.987446125159356 0.000002452866198 0.000173245076201 
0.000000000000009 0.999999999766577 0.000000000000000 0.000000000217953 0.000000000005697 0.000000000009764 
0.373693828328084 0.002501965996216 0.002137970086828 0.000154009162946 0.596558209174665 0.024954017251263 
0.633478563471586 0.000000067418989 0.000000001200330 0.014025206302740 0.000001259180912 0.352494902425443 
0.511236200139569 0.000000000617660 0.000048340851676 0.479863512544098 0.008851453781283 0.000000492065714 
0.014554898316795 0.000004505427901 0.000027758798972 0.000047569550921 0.985133919720422 0.000231348184989 
0.986847687949821 0.000003084442686 0.000038241487570 0.013017904893292 0.000016970745153 0.000076110481477 
0.558234842969104 0.000029213035134 0.001091529298841 0.000186538008708 0.000680015109897 0.439777861578316 
0.932302276063935 0.067464875038728 0.000000000010516 0.000000122492236 0.000001038224842 0.000231688169743 
0.742347894411028 0.000000014027344 0.000000515526419 0.000681012235304 0.011617562870617 0.245353000929287 
0.000000003618562 0.000000000021531 0.000000000003980 0.000000031050217 0.999999965291609 0.000000000014101 
0.998366716635470 0.000000485413555 0.000000075912489 0.000001342570338 0.001627313768109 0.000004065700038 
0.523773784843377 0.000003476010269 0.000042542567452 0.021134565654328 0.454901031813564 0.000144599111009 
0.000052664240030 0.000000023529429 0.000001181573078 0.000000007379028 0.000000011868905 0.999946111409529 
0.993468641964570 0.002181770053072 0.000928634081818 0.001235492033338 0.001355360537531 0.000830101329671 
0.999541829101642 0.000006980777373 0.000000072858380 0.000000780712966 0.000449273701442 0.000001062848196 
0.988866960157062 0.000148289297998 0.000041333573277 0.003195136158422 0.005051149307394 0.002697131505847 
0.186158774157745 0.001422505756967 0.000195463803329 0.768146088214031 0.036185914253398 0.007891253814531 
0.798152749052086 0.021385283402435 0.025366256942123 0.000450084468518 0.149680046702970 0.004965579431868 
0.005231838684671 0.000000002464486 0.000075217811670 0.000000021002329 0.000001278385636 0.994691641651208 
0.127381431058683 0.001740158114401 0.000500667024528 0.865291097692986 0.000636243440653 0.004450402668748 
0.000171798191370 0.020751223379345 0.000049888997226 0.978230378349664 0.000789747664144 0.000006963418252 
0.082225157686889 0.420885703972536 0.268317588282824 0.001457556363459 0.227063862342891 0.000050131351399 
0.998677409600406 0.000001591166018 0.000000102184742 0.000003406642125 0.000376778353261 0.000940712053447 
0.711850091265159 0.000098710628175 0.000001464395636 0.015682529832525 0.000001042302931 0.272366161575574 
0.999901900935200 0.000000003272479 0.000000000386137 0.000000067838151 0.000098026951296 0.000000000616737 
0.490460777384155 0.000001779069705 0.000949710869363 0.000088271791122 0.000411130462129 0.508088330423525 
0.000000000012455 0.000000000007288 0.000000000000000 0.000000000003088 0.999999999918101 0.000000000059068 
0.000000000031193 0.999999919912360 0.000000000000026 0.000000061168708 0.000000018844889 0.000000000042824 
0.969302574659037 0.000012936361882 0.000000041085998 0.030170264426986 0.000450375687999 0.000063807778098 
0.999439756881346 0.000000000022837 0.000000000008820 0.000000067556578 0.000000000013411 0.000560175517008 
0.000005545334144 0.999981321598989 0.000000159759116 0.000000756654815 0.000002097134480 0.000010119518457 
0.905443825312465 0.000064372757098 0.000655953903341 0.000356234961436 0.006491172897517 0.086988440168144 
0.745505364327421 0.000007775654299 0.000011454212987 0.021174811315731 0.165072096968456 0.068228497521106 
0.861940573623983 0.000002710658535 0.000004332443091 0.001503622697717 0.136318809262926 0.000229951313748 
0.999582831955616 0.000000187138425 0.000000089971107 0.000025373398013 0.000379332565891 0.000012184970949 
0.003769802370946 0.000000001110614 0.007525991619163 0.981353340377893 0.007295681360098 0.000055183161285 
0.012003353224228 0.000203214612512 0.205003560259178 0.012399219983867 0.764565230485713 0.005825421434503 
0.853416029323279 0.008338448379790 0.000044724991192 0.137191416786998 0.000476454596174 0.000532925922567 
0.999999999976746 0.000000000000460 0.000000000000004 0.000000000000154 0.000000000015512 0.000000000007124 
0.006762849598111 0.000005269627191 0.000009798992932 0.000109591478261 0.993053301072396 0.000059189231109 
0.627142543013727 0.000026201564824 0.000000000426482 0.369741405088693 0.001141946035940 0.001947903870333 
0.947811036995203 0.000451583562524 0.000024522484547 0.000185515870437 0.037882723139728 0.013644617947561 
0.999785410235798 0.000005475074841 0.000000344065217 0.000052074581216 0.000125407563977 0.000031288478952 
0.056998311498245 0.927823614889109 0.000000165481963 0.000004507068416 0.003457796873699 0.011715604188568 
0.123855320353231 0.000001002993865 0.000501469301433 0.000775474726416 0.000487563916218 0.874379168708838 
0.999986852875809 0.000000000071412 0.000000000000000 0.000000000002146 0.000000000000476 0.000013147050156 
0.686233294256780 0.000002619839164 0.000009698516425 0.000445865763486 0.000015899424729 0.313292622199416 
0.000000031480570 0.000000020253559 0.000000063359860 0.999944705161520 0.000055179707150 0.000000000037340 
0.999996655653695 0.000000166407981 0.000000005217991 0.000000293764520 0.000000070352794 0.000002808603019 
0.036592678524762 0.000305501124383 0.000000142565100 0.000000651487844 0.000000129147962 0.963100897149949 
0.000073403793875 0.999875071792299 0.000000019080768 0.000026074528596 0.000002234719288 0.000023196085174 
0.000000006105780 0.999999993891439 0.000000000000248 0.000000000000057 0.000000000001250 0.000000000001227 
0.623409070610173 0.000025221787301 0.000030788714067 0.257130288981713 0.052406619907087 0.066998009999659 
0.999213824081818 0.000000153513629 0.000026715984932 0.000002950793369 0.000000822163559 0.000755533462693 
0.498303022266113 0.000015847371481 0.000000336466614 0.000005056495475 0.000599444653680 0.501076292746638 
0.997863381627597 0.000000007663946 0.000000034972671 0.000026784020341 0.000199671128132 0.001910120587312 
0.960783375185665 0.000001658716726 0.000000067158099 0.026998436786188 0.000040192252232 0.012176269901091 
0.991457449801217 0.000000348984179 0.000000003697425 0.000021388699270 0.000003367064549 0.008517441753360 
0.777522808515391 0.002779505347549 0.028128884859801 0.012813098645191 0.061837685684711 0.116918016947357 
0.000062592825981 0.997639273543965 0.000003242151137 0.000005370371252 0.002289152728658 0.000000368379007 
0.999092367693112 0.000000011890952 0.000002023756653 0.000905133560532 0.000000254853225 0.000000208245525 
0.000354711732345 0.999644943128072 0.000000000027277 0.000000000614099 0.000000000056896 0.000000344441311 
0.000547932633324 0.000000032932092 0.000000000810874 0.000000090931605 0.000000002915052 0.999451939777053 
0.064595766944767 0.000000000132884 0.000009108382656 0.935338860679995 0.000000993644443 0.000055270215255 
0.007697876548006 0.000000519400403 0.000000006940786 0.000011262941205 0.992289121396207 0.000001212773393 
0.003664871816866 0.000870337997239 0.000106376175650 0.500219178710489 0.006235133309844 0.488904101989911 
0.622978734783940 0.376460220129676 0.000000282312028 0.000040652797939 0.000057108768204 0.000463001208213 
0.000375501664401 0.988568191151827 0.000297544235202 0.000027282157134 0.010453508092476 0.000277972698960 
0.990321971256338 0.000000010062551 0.000000415702837 0.000007452871488 0.000001583053208 0.009668567053578 
0.592390491814780 0.059087714834657 0.002954962711468 0.013095701308753 0.000955143232555 0.331515986097787 
0.999986232524823 0.000000000051143 0.000000000072138 0.000000072681804 0.000000147241054 0.000013547429038 
0.004325916521563 0.033274922341312 0.033597579659583 0.005003431767161 0.071595772607838 0.852202377102542 
0.139242585218439 0.000464472757937 0.000000117015709 0.000029598773018 0.860262546605131 0.000000679629765 
0.003797156168933 0.917178775300679 0.000527662929603 0.054430921916812 0.023346320933406 0.000719162750567 
0.000000000942222 0.000000001617571 0.000000018542507 0.000000000212912 0.000000025895153 0.999999952789634 
0.999471010573893 0.000000033263367 0.000000001146996 0.000000042012480 0.000021659224304 0.000507253778960 
0.998975149975677 0.000138876518532 0.000013131779158 0.000444799394844 0.000098018396694 0.000330023935095 
0.849803170487980 0.000015780421680 0.000323966474774 0.058019824770825 0.089281540977569 0.002555716867171 
0.888370771389704 0.101295216721127 0.000307287708566 0.004331176400739 0.000090446134099 0.005605101645765 
0.962417827612066 0.000002137978951 0.000000001027881 0.000000020693078 0.000000136903904 0.037579875784120 
0.999997360329358 0.000000027992124 0.000000050446996 0.000000085624649 0.000000478876721 0.000001996730151 
0.999999986587721 0.000000000070339 0.000000000000597 0.000000000020701 0.000000001348101 0.000000011972542 
0.000401286877086 0.000000628183207 0.655606850977634 0.000001260938867 0.000000416918957 0.343989556104249 
0.000208575964552 0.992247958563934 0.000026595933104 0.000055322976654 0.000028297637292 0.007433248924465 
