0.099171120440519 0.000003756817263 0.050742145999464 0.000872297143098 0.849184814304203 0.000025865295453 
0.000335142636006 0.000003035621619 0.010418061070755 0.867452661406248 0.001027979208206 0.120763120057166 
0.003347040283005 0.000013266495701 0.944170210582448 0.001770454791112 0.050698506760733 0.000000521087001 
0.000000085141909 0.000001374670545 0.000556832289521 0.999413712545467 0.000000460705669 0.000027534646890 
0.111621279750038 0.000609669489304 0.268049512219286 0.508238949761663 0.055395851624984 0.056084737154725 
0.000017081629920 0.000011147035771 0.000297064299614 0.999273318582470 0.000401297726687 0.000000090725539 
0.000163392689463 0.000000548618182 0.996463152761044 0.003367909287280 0.000003579551242 0.000001417092789 
0.001356795765499 0.001929413103273 0.862552369310515 0.124374337036335 0.008588566698623 0.001198518085754 
0.000867854809736 0.000011257836127 0.064853387919654 0.124797091677559 0.808490680297086 0.000979727459837 
0.000052911230409 0.000063848661011 0.618947424206421 0.000375209903259 0.380132673439617 0.000427932559283 
0.000400989480878 0.027857992687017 0.946451677777489 0.009584180893798 0.015384475487868 0.000320683672950 
0.000011222507940 0.000322936722733 0.999655900432095 0.000000788452117 0.000008924825710 0.000000227059405 
0.940092542351465 0.000363646993394 0.058279378645340 0.000047782219758 0.001189886970368 0.000026762819674 
0.997728058248306 0.000000796575019 0.000887320308396 0.001295582955380 0.000084463039089 0.000003778873810 
0.000000000580431 0.000000066023828 0.000000041634940 0.999999872569423 0.000000016193108 0.000000002998271 
0.009887564056625 0.056071508386459 0.642982695419023 0.287162371925730 0.000023334969926 0.003872525242238 
0.000035126069384 0.000072885052169 0.989261092564858 0.009912616039848 0.000324743478027 0.000393536795715 
0.010081955486668 0.000001794170000 0.003226529948924 0.981514945222927 0.004818329255682 0.000356445915798 
0.000005291265461 0.000129162258905 0.000361693234819 0.999107275687425 0.000391288615574 0.000005288937817 
0.000173928286139 0.000643642897700 0.055784596709598 0.941446748902578 0.001923981595884 0.000027101608101 
0.000083634474720 0.000921016371712 0.006283018595897 0.991134783978392 0.001542008107844 0.000035538471436 
0.000048218255011 0.000000001456655 0.999947127450187 0.000000049079575 0.000004596787473 0.000000006971100 
0.000002283068821 0.017217825835882 0.982652190431010 0.000121085936429 0.000005211253970 0.000001403473888 
0.005431545577550 0.000855846475647 0.436407190288269 0.543307647890506 0.012998093985264 0.000999675782764 
0.000233960235691 0.001116887600721 0.237556594802016 0.004978122883671 0.690741659373216 0.065372775104685 
0.001278893830628 0.000123356777712 0.002941105436463 0.428724923573540 0.004552996144180 0.562378724237478 
0.000000799889221 0.000000172010108 0.999997407620079 0.000000917436387 0.000000692399599 0.000000010644606 
0.003076145852553 0.015563640657873 0.000031720169672 0.981289444812725 0.000038050063220 0.000000998443958 
0.001904943926089 0.956880556215850 0.034310401983508 0.001337949974876 0.004970967916818 0.000595179982859 
0.000008042428444 0.002323642050040 0.000394709512472 0.996038392878426 0.001116712168119 0.000118500962498 
0.000000000000001 0.999999999999999 0.000000000000000 0.000000000000000 0.000000000000000 0.000000000000000 
0.000035442644048 0.000664407541998 0.000391022744851 0.274785405742354 0.723897965110192 0.000225756216557 
0.000367455070861 0.961381945630506 0.038208262041484 0.000005588254895 0.000035984815399 0.000000764186855 
0.097987946851757 0.000001031856657 0.901756456565982 0.000223519745919 0.000030893467654 0.000000151512032 
0.000013574870565 0.000002310794329 0.000063703488842 0.999890778967624 0.000027255990477 0.000002375888163 
0.995517537044642 0.000021168368565 0.002926311451439 0.001520611778393 0.000012418881532 0.000001952475430 
0.967234934918789 0.001754392105516 0.005044146279073 0.025789087008848 0.000171301763019 0.000006137924755 
0.000120885585933 0.000218372982008 0.990727229269282 0.000776152892708 0.007950932747233 0.000206426522836 
0.000000000003100 0.000000000000257 0.999999999996603 0.000000000000010 0.000000000000010 0.000000000000021 
0.861674816349774 0.000028822122518 0.004607000784674 0.026303130335801 0.028055311049555 0.079330919357678 
0.008473404508863 0.005866475203066 0.111539632592418 0.855691553921914 0.015852876666380 0.002576057107360 
0.000029805228680 0.000013012153914 0.005232533398451 0.045496188726863 0.213391510975166 0.735836949516925 
0.055695000615441 0.000000390099153 0.944296671422331 0.000004867184635 0.000002933116960 0.000000137561480 
0.000285336946641 0.000002911934832 0.696224713099142 0.000191189054159 0.303290918478302 0.000004930486925 
0.000000000298847 0.000000006066099 0.000000004393937 0.999999864058299 0.000000123578762 0.000000001604056 
0.000000008427407 0.000000223879751 0.000000390395014 0.000005906555311 0.999993245880022 0.000000224862495 
0.000005026315035 0.000339018649184 0.950950336921157 0.048641731691153 0.000038548882768 0.000025337540703 
0.001056928083656 0.000103055115328 0.998662282965106 0.000131017374658 0.000046004625482 0.000000711835770 
0.027809690855813 0.000251280496439 0.910637179635082 0.039000893334817 0.016444705180749 0.005856250497100 
0.867980284992607 0.000000061461414 0.129577479724406 0.002235643265643 0.000206479530224 0.000000051025707 
0.018134195941611 0.001325504092653 0.586951876509884 0.013293335698832 0.351388635422416 0.028906452334604 
0.000192468226982 0.000022323079211 0.010950617052315 0.957998111317830 0.029685116922373 0.001151363401289 
0.000105784508421 0.005219850734055 0.959036185280922 0.034934637183485 0.000003441660593 0.000700100632524 
0.000000040151762 0.000000000059571 0.000000460013269 0.000000001778616 0.999999497876362 0.000000000120421 
0.003727780135403 0.003399311525199 0.286126184633319 0.022905611369876 0.682090889843522 0.001750222492682 
0.566228399705987 0.000026805653288 0.343053883594350 0.089846937660989 0.000830281507407 0.000013691877980 
0.000450852443909 0.000004515970485 0.398048887883630 0.022746580618558 0.578590417929532 0.000158745153886 
0.006128974008430 0.034264723780830 0.824236384978397 0.128388055822861 0.005491367774488 0.001490493634992 
0.000361360089908 0.000266380287525 0.078096845161401 0.915774047462387 0.000235369104677 0.005265997894102 
0.001308492199779 0.006132671618123 0.980644964051015 0.000026582038963 0.011863429081769 0.000023861010351 
0.002999170281914 0.001641185222921 0.974689226092477 0.010420715267876 0.004147470696510 0.006102232438302 
0.368714893968919 0.000606587494496 0.567042184440265 0.050950455528514 0.003377222750627 0.009308655817179 
0.000019577913057 0.000049577745120 0.075824144198071 0.840130105186618 0.083069430234754 0.000907164722381 
0.008257312906784 0.000076483229887 0.081192771369210 0.807268414405782 0.102806257383533 0.000398760704803 
0.000031419243570 0.000085237421574 0.000261321266826 0.993550885175120 0.006065004466128 0.000006132426782 
0.000713524314347 0.003305766060927 0.191336036370745 0.751469959937917 0.049520228116810 0.003654485199256 
0.002079704403703 0.010381452183354 0.704991516925137 0.263497997942025 0.000143036672580 0.018906291873202 
0.000000002588337 0.000000098792877 0.000000339741659 0.999449817292056 0.000549638189152 0.000000103395920 
0.007094804463900 0.052192601468751 0.132151732428864 0.778953031344188 0.027206577135624 0.002401253158673 
0.000000417905951 0.000008211545325 0.000501117763554 0.999120959076055 0.000338613090786 0.000030680618330 
0.940168487238226 0.000042426975728 0.000547940322202 0.058872795090607 0.000358000498883 0.000010349874354 
0.006203738512166 0.001322590212668 0.161155880132342 0.437848121712075 0.390329828636516 0.003139840794233 
0.000095706777106 0.000013884999880 0.008779011651355 0.979795457582779 0.004426609021872 0.006889329967007 
0.007908625544462 0.000837511742002 0.024928108068869 0.956814946981141 0.002318104915058 0.007192702748468 
0.001843276836008 0.000000981935314 0.990415821689516 0.002052800332499 0.005673946326858 0.000013172879805 
0.001364587319425 0.013693579219090 0.798976914880991 0.101389755231653 0.083833446672957 0.000741716675884 
0.000000000007955 0.000000000565442 0.000000004819489 0.999987090520834 0.000012903874930 0.000000000211351 
0.000033931591199 0.000919809399582 0.189458725844558 0.805764241381817 0.001551340188718 0.002271951594126 
0.000135720586244 0.001402148888843 0.931478380504212 0.066709207070682 0.000246211336705 0.000028331613314 
0.000659872840168 0.000911350121551 0.001393532473281 0.883597702216550 0.111451762175678 0.001985780172772 
0.000351070100577 0.000006534043171 0.022765145070395 0.081984535768107 0.893843444013597 0.001049271004153 
0.000041343426362 0.000146690281176 0.010521787994457 0.977998517630094 0.011237294968292 0.000054365699620 
0.000007491499631 0.000000019048670 0.000000222168760 0.999991437296177 0.000000820855652 0.000000009131110 
0.000044930338702 0.000003970266661 0.002752468051622 0.984868355012924 0.012326827471748 0.000003448858344 
0.002966609982571 0.001417219538901 0.645785161342879 0.349588546280474 0.000223927459944 0.000018535395231 
0.996301737920047 0.001310737769387 0.002225786110754 0.000038095472399 0.000120129393426 0.000003513333987 
0.000047649760449 0.005217948535572 0.385111277040846 0.605353341933169 0.003986725924708 0.000283056805255 
0.000128659504579 0.000003925106228 0.999043315305747 0.000747185450992 0.000064980967242 0.000011933665211 
0.000053281617889 0.000565379050225 0.995620451906558 0.000895751823186 0.002186919893583 0.000678215708559 
0.005498987940598 0.000051471555953 0.992506999079690 0.001296705820813 0.000433923973934 0.000211911629013 
0.000000093590558 0.000573869963010 0.000079007613827 0.865319624170910 0.134025348020375 0.000002056641321 
0.002030265393052 0.000180631636306 0.363942002082107 0.629643962032047 0.000740799344876 0.003462339511612 
0.026890968359976 0.000687392710917 0.038369024542363 0.930368255598130 0.003551920636426 0.000132438152188 
0.000484085097853 0.009064960024198 0.473123017657182 0.030129490239313 0.322036674264622 0.165161772716832 
0.011005701579112 0.000038623030471 0.002672601824112 0.000311403264570 0.985671824381690 0.000299845920045 
0.000023561698906 0.000007381319864 0.986069843200383 0.008215619725954 0.005652948045153 0.000030646009740 
0.000418607911783 0.000057524026368 0.002194175679691 0.866894626587297 0.130229389672414 0.000205676122446 
0.002138829558554 0.003345120591346 0.724186346658188 0.262982829810499 0.007229607479381 0.000117265902032 
0.961145317584517 0.000001830851010 0.006844432941020 0.000054299818885 0.027236163004843 0.004717955799724 
0.195662736411684 0.087091670208142 0.423469479617482 0.119335928472958 0.156211591574517 0.018228593715217 
0.000000005283792 0.000000128797843 0.000000759518791 0.999998226508141 0.000000861567206 0.000000018324227 
0.000005222744207 0.000000110749207 0.998833097341979 0.000001867056215 0.001159533414082 0.000000168694309 
0.173815358279713 0.001828477359410 0.626127219489695 0.065566938096670 0.073803900054302 0.058858106720210 
0.109028016599312 0.008444411673924 0.882073055748147 0.000059301236726 0.000363743940965 0.000031470800926 
0.000479064829201 0.002046339632556 0.966354411048265 0.028926862222229 0.000880249976248 0.001313072291502 
0.280947962423166 0.001390536251345 0.085298721412116 0.011425063160980 0.002176485598295 0.618761231154098 
0.001305391578243 0.000186626321094 0.103437033513511 0.031846677380790 0.010519777487653 0.852704493718709 
0.065282886190265 0.000030591286122 0.863444758979105 0.029007659684185 0.025360172260488 0.016873931599836 
0.862762982423719 0.002061661084531 0.075249556474776 0.010961663065798 0.048958843156659 0.000005293794516 
0.011061398596702 0.000300289413858 0.965119032523611 0.020964099842493 0.002522890942752 0.000032288680584 
0.119064149008787 0.000022793643293 0.880907314188807 0.000000012318017 0.000000324255885 0.000005406585211 
0.000000000000000 0.999999999999999 0.000000000000000 0.000000000000000 0.000000000000000 0.000000000000000 
0.002374126149292 0.000627522615895 0.982445068877628 0.013811125080514 0.000578737907853 0.000163419368819 
0.000000833442342 0.000014638561491 0.978258515561487 0.002762024612177 0.018940906834582 0.000023080987921 
0.923285074874190 0.066706876507244 0.000756838828554 0.000610732051856 0.000171006800146 0.008469470938010 
0.000048673750302 0.000000128257653 0.001662646479469 0.997638112292229 0.000643438130169 0.000007001090178 
0.000012526949769 0.336721785148488 0.000054306955085 0.663054391995454 0.000154829158375 0.000002159792830 
0.000885699151700 0.004643126973960 0.989814999089615 0.003348887014174 0.000281362348487 0.001025925422064 
0.000000058475053 0.000007994109319 0.183884833425382 0.000000595701805 0.816102252338288 0.000004265950153 
0.000001022188734 0.000056090875128 0.000021238724560 0.998466764258127 0.001452274381654 0.000002609571797 
0.406203391135588 0.000148729508437 0.593343801565089 0.000294324316451 0.000008970480809 0.000000782993626 
0.002333755845603 0.000313695948424 0.633733754518931 0.195951841161908 0.167176296069604 0.000490656455530 
0.000235782122620 0.000000665030862 0.352014683912029 0.638053981576634 0.000701290261694 0.008993597096161 
0.000000027635394 0.000145050516361 0.000108336060852 0.999631580362207 0.000113753300233 0.000001252124953 
0.000018842816165 0.000002559320352 0.979092827720224 0.007702434571117 0.009771172381412 0.003412163190730 
0.000000024684902 0.999995971856382 0.000003879772546 0.000000010277446 0.000000000235250 0.000000113173474 
0.000446512941667 0.004415067424432 0.531122719978922 0.070487339040427 0.381894008562958 0.011634352051594 
0.000966629244281 0.000003750844497 0.996337180329420 0.000579523963379 0.001400833945679 0.000712081672744 
0.000000031304608 0.000000024707215 0.000000374965791 0.999999461278184 0.000000094823313 0.000000012920889 
0.000656309945975 0.000124412562008 0.586720101312564 0.002203155998144 0.202337658175196 0.207958362006113 
0.006320085956908 0.002498995394322 0.007874792292772 0.013007105809270 0.869604759364982 0.100694261181746 
0.000084601565406 0.000012815646024 0.000002542039649 0.000123944485783 0.000109828468350 0.999666267794789 
0.060313458196621 0.000033123418678 0.001144822114213 0.934195065664718 0.004280009658161 0.000033520947608 
0.000836545699810 0.000141334744489 0.170324573415144 0.494474643213929 0.334071777345980 0.000151125580649 
0.000011692787801 0.000147720536890 0.692187550416608 0.211382004722415 0.094993355353803 0.001277676182482 
0.232596948104985 0.000000002451984 0.767399187629878 0.000003721074230 0.000000077431810 0.000000063307112 
0.000013167847961 0.000000315394229 0.969967745397233 0.009049982452655 0.000097952052404 0.020870836855519 
0.002902426496670 0.000138041641426 0.880227247670624 0.096154868975595 0.020029919087911 0.000547496127774 
0.001799898366384 0.006015708914103 0.813568559404770 0.170029202241314 0.008326583268514 0.000260047804915 
0.036396655511628 0.000027299057229 0.712355360603090 0.241489716129841 0.008331061581979 0.001399907116233 
0.000789405800969 0.003956046756394 0.551551509254597 0.148480737021120 0.245860728867822 0.049361572299099 
0.000177087311724 0.958756966167537 0.038041878494416 0.002375705909889 0.000422290260009 0.000226071856425 
0.001083067513784 0.000296548442040 0.996057817574103 0.000592610636978 0.001956470932505 0.000013484900590 
0.364211743763920 0.000009070711361 0.625890485274111 0.003282175327404 0.004646003613641 0.001960521309562 
0.000035230341760 0.016586753819498 0.681327032040562 0.113524924750654 0.188291710929642 0.000234348117885 
0.015073471764590 0.062388212918226 0.851386640444363 0.003829515760813 0.067067284516729 0.000254874595279 
0.000001374101400 0.000000130074098 0.999998432093008 0.000000034950203 0.000000021644779 0.000000007136513 
0.000000013208832 0.000000002454776 0.999999881389568 0.000000039605806 0.000000060479576 0.000000002861442 
0.000000000000012 0.000000000000003 0.000000000000009 0.999999999999895 0.000000000000078 0.000000000000002 
0.002063988669611 0.000065510447717 0.997867356415271 0.000001082329472 0.000001998437524 0.000000063700405 
0.000091864841224 0.000007137184563 0.999537928528074 0.000361292680696 0.000001770741490 0.000000006023953 
0.007098534305807 0.001578716739643 0.834866913347133 0.117210601195025 0.037455079199986 0.001790155212406 
0.138341872505543 0.000022479262951 0.762793962375625 0.097520046169895 0.001255033114904 0.000066606571083 
0.000000000348006 0.000000000002908 0.000000570865941 0.000000863172368 0.999998565458899 0.000000000151878 
0.000024108304158 0.942457733327168 0.057488853281700 0.000024626826380 0.000001554472643 0.000003123787950 
0.801085281789354 0.000817444237580 0.191461627614690 0.003703652187645 0.002232132508917 0.000699861661814 
0.042171281199946 0.000053997876843 0.951081206064811 0.006042086800716 0.000649057121887 0.000002370935797 
0.000000830439421 0.999999146398560 0.000000009992302 0.000000001592723 0.000000000144096 0.000000011432898 
0.000039703254738 0.000081234754579 0.547552248764698 0.000255523189724 0.452047782920641 0.000023507115620 
0.009425812381833 0.000244659440058 0.011954621308279 0.973474785864918 0.004177729528562 0.000722391476350 
0.254702533186225 0.000386221719220 0.281090400539317 0.447231486608816 0.015798386707517 0.000790971238905 
0.008767716560882 0.000002284464591 0.931351170393258 0.058384847943106 0.001480790998043 0.000013189640121 
0.000000052174504 0.000000148825420 0.000000346105603 0.000000954281726 0.999998101260192 0.000000397352556 
0.007205602379222 0.000420237955123 0.013415568107772 0.966678367630034 0.011799366359449 0.000480857568399 
0.098294484798613 0.000635697739967 0.841106191190026 0.052411598893762 0.007007377479906 0.000544649897726 
0.000767229266725 0.011647905649919 0.147411853139959 0.822871778881464 0.016825648040491 0.000475585021441 
0.000000045168303 0.000000008324688 0.000000183006482 0.999999737453772 0.000000025959966 0.000000000086789 
0.000028489106273 0.000109321357448 0.994575983600458 0.001585529624077 0.003674791877899 0.000025884433845 
0.000000096574495 0.000004674580379 0.976352921794532 0.023435784848390 0.000068284124394 0.000138238077811 
0.000009997623715 0.000012690293834 0.000714668240883 0.996971473550531 0.002285768192822 0.000005402098214 
0.014890713555474 0.450824337173123 0.011657779988986 0.003544183352152 0.052214423414221 0.466868562516044 
0.001835584145154 0.000000113485301 0.000170208821512 0.995607163954292 0.002291697400868 0.000095232192873 
0.000050869452019 0.000004332776613 0.000369078215091 0.999338247685619 0.000222572654770 0.000014899215888 
0.000000018071597 0.000078165329935 0.343604373691638 0.000035495154636 0.656275663252737 0.000006284499457 
0.000038439630772 0.000002400706283 0.853894542619903 0.000103349141436 0.145960742675809 0.000000525225796 
0.000001467900617 0.000011428305637 0.990874562514076 0.007415022052633 0.001528700380062 0.000168818846975 
0.002711002453446 0.000021573026356 0.996011173119183 0.000045578392453 0.001205661616394 0.000005011392169 
0.000169787395571 0.015041781482010 0.980038406407898 0.003370067457104 0.001281090106396 0.000098867151021 
0.000299123228857 0.000000541856878 0.027393926990594 0.972238695824586 0.000026674995410 0.000041037103674 
0.000000000000435 0.000000000025893 0.000000001153768 0.999999998390656 0.000000000420929 0.000000000008318 
0.000000000000000 0.000000000000048 0.000000000055650 0.000000000000030 0.999999999941007 0.000000000003265 
0.004768348190354 0.000029219235213 0.072877646061063 0.897265633433956 0.023845891863722 0.001213261215692 
0.009261723772070 0.000007170859076 0.000018234683417 0.983010875655718 0.007701230981622 0.000000764048097 
0.065657159630499 0.000068354126291 0.000828023827686 0.912854636220471 0.002613145458914 0.017978680736139 
0.000062113845871 0.000626293383448 0.854583013091801 0.044977557627713 0.005710700216357 0.094040321834811 
0.000000028562895 0.003575903700058 0.002996089467228 0.993195901867222 0.000209361454679 0.000022714947919 
0.000071223854347 0.000029416560417 0.006921500049396 0.965139370483617 0.000212070294017 0.027626418758206 
0.000000014589869 0.000001171777796 0.000195999494308 0.000001252412986 0.999801540895394 0.000000020829648 
0.007114915467103 0.009225887124219 0.267509037424533 0.406455052342035 0.233341571114839 0.076353536527272 
0.000000011818692 0.000003118203554 0.998697343301102 0.001287216033968 0.000006336819916 0.000005973822768 
0.878068479084222 0.000065248944118 0.001206332282716 0.012714900646914 0.107675770315595 0.000269268726434 
0.019542242699605 0.002987343153112 0.029720154395195 0.670352983588092 0.277284599797776 0.000112676366219 
0.000003468745545 0.012781230596126 0.983913252453491 0.000228093358915 0.003057194713200 0.000016760132723 
0.999949978947988 0.000014291994219 0.000028383969616 0.000002888595898 0.000004171812258 0.000000284680021 
0.000000000000001 0.000000000000000 0.000000000000012 0.000000000001578 0.000000000001124 0.999999999997285 
0.001778912444058 0.021109268112760 0.005545541053648 0.954418439479882 0.017125801587662 0.000022037321989 
0.015418338926279 0.000134267747129 0.977968675422541 0.000002861462676 0.006475447002265 0.000000409439110 
0.000058693847722 0.000009929348956 0.001549077563625 0.998235912387988 0.000122302919314 0.000024083932394 
0.000990490307656 0.001698026682438 0.350620626165413 0.642498705386444 0.001996723928584 0.002195427529465 
0.000000000000000 0.000000000000000 0.000000000000013 0.000000000000002 0.999999999912257 0.000000000087727 
0.000001674474269 0.000000433709314 0.000025819609125 0.999868697511383 0.000102175226564 0.000001199469345 
0.000161326041135 0.010770351617148 0.880863026188879 0.063341589686516 0.044734371274909 0.000129335191413 
0.703931868185066 0.000040569512152 0.054665433082012 0.047530022942860 0.192641620341936 0.001190485935973 
0.000088317483420 0.000000138550290 0.773258040054524 0.226420255312204 0.000043231875771 0.000190016723790 
0.000000127857353 0.000000000068348 0.000000104531160 0.999999375016183 0.000000387996986 0.000000004529970 
0.077759349092398 0.000051595479826 0.328523636907306 0.590428644603578 0.001973105681349 0.001263668235542 
0.003799410828879 0.174833835195152 0.008908723896027 0.808957199062863 0.002768500975616 0.000732330041462 
0.000000002603743 0.000000051383130 0.719602769061741 0.280395007512753 0.000000282596450 0.000001886842183 
0.000125293714026 0.000366021576283 0.989396750301569 0.009831538319884 0.000049566276502 0.000230829811735 
0.000000993995924 0.000826556129044 0.995159024197592 0.003773611678233 0.000238156453819 0.000001657545389 
0.122174531496152 0.000003360890227 0.877082105146855 0.000436499350557 0.000294778871592 0.000008724244617 
0.038609808869690 0.150188227883564 0.520416451845080 0.138581050964866 0.122276314898435 0.029928145538364 
0.173513855064538 0.000051023827600 0.815651721917283 0.007566930117307 0.003078874328672 0.000137594744601 
0.000026993729975 0.000059277785039 0.617568094502311 0.356922737546947 0.023704368046539 0.001718528389188 
0.300125921925345 0.000001428303541 0.044919056531386 0.654880074392520 0.000047492291104 0.000026026556103 
0.000245661972235 0.000901046165521 0.029034686905149 0.954818447813078 0.012724906509380 0.002275250634637 
0.000034381994883 0.000229680456369 0.998224043703880 0.001105068963916 0.000062037126652 0.000344787754300 
0.000042190924269 0.000000180895481 0.996230696957956 0.000005013048100 0.003721879766438 0.000000038407756 
0.000280237528131 0.001394704101737 0.134082097374860 0.001462448782977 0.031429353444852 0.831351158767445 
0.011112841978223 0.000187207879320 0.677144285188549 0.011212423162962 0.155412733473385 0.144930508317561 
0.000000000068065 0.000000000000517 0.000000000082138 0.000000001639263 0.000000000993996 0.999999997216021 
0.968676779346611 0.000001015251408 0.018865804454422 0.012436068435553 0.000014600215285 0.000005732296720 
0.002908440590815 0.000035742281262 0.030129930850573 0.952318043307440 0.013974846821740 0.000632996148170 
0.010984565091251 0.005374374063369 0.817255776589883 0.030964119972215 0.009622577054692 0.125798587228590 
0.206676849136920 0.000001579900290 0.790856438941185 0.002111432143356 0.000350750006375 0.000002949871875 
0.023159535004380 0.000000407282535 0.000476654473388 0.976345553991133 0.000017538384062 0.000000310864502 
0.000269059480909 0.000294168718087 0.998622864938824 0.000044672695398 0.000741412294786 0.000027821871995 
0.000000002012290 0.000000002397349 0.999997782961046 0.000000155799764 0.000000016179639 0.000002040649911 
0.000000000043074 0.000000000888906 0.000000074420144 0.999999819472661 0.000000104871486 0.000000000303731 
0.004832804543582 0.000032954414542 0.011591127676618 0.076292905323095 0.905502420109306 0.001747787932856 
0.997742521033496 0.002077811649040 0.000015212242435 0.000162490335646 0.000001851434098 0.000000113305284 
0.369099494001537 0.003635607561600 0.316326921067061 0.007421329649247 0.303155610333537 0.000361037387019 
0.059344683581820 0.099232198140100 0.766805006055177 0.045337818952382 0.028818615205773 0.000461678064748 
0.002624705833081 0.773340022837532 0.009611485851546 0.088077298959116 0.126279641679239 0.000066844839487 
0.906499044251790 0.000015587125029 0.004784085917671 0.009899556675313 0.073763938639709 0.005037787390488 
0.000011737907376 0.000010914296673 0.999633060548111 0.000277389471009 0.000058966503841 0.000007931272990 
0.109687873328280 0.000145381903348 0.352090701533616 0.532796109503743 0.005255629654447 0.000024304076566 
0.002734360507853 0.000001100982397 0.339161905449953 0.657429537208098 0.000605120655997 0.000067975195702 
0.000000000004625 0.000000180723372 0.000000013423857 0.999407869306637 0.000591935840746 0.000000000700762 
0.000001720750093 0.000080750995978 0.822949647490812 0.173947758763281 0.000146265036737 0.002873856963099 
0.681776246924962 0.000131606551266 0.267195745852354 0.039823274202237 0.010676173900455 0.000396952568726 
0.000003560064636 0.947155631969184 0.002862697670761 0.045034705316612 0.004941932365326 0.000001472613481 
0.109043624086889 0.000451593889825 0.033280679158204 0.827805334218080 0.027461445060189 0.001957323586814 
0.000146347473410 0.000277459159384 0.392312403454082 0.000165083886703 0.605980901552831 0.001117804473590 
0.000078432550698 0.007032046336065 0.937984805151678 0.002557015478507 0.049565932335911 0.002781768147141 
0.000003700486632 0.000205900765759 0.867746007825034 0.048152307205004 0.083638091320671 0.000253992396901 
0.013626415974782 0.000676363422536 0.393517389954610 0.577065200873072 0.007655085972215 0.007459543802785 
0.000556717020649 0.000005817653891 0.999326737686560 0.000105239001565 0.000004503104595 0.000000985532740 
0.007496604237624 0.005828444468166 0.511168943821506 0.409652872929429 0.021906209812148 0.043946924731126 
0.022781070241424 0.022073613558059 0.913477676819914 0.023887347812609 0.017309698278123 0.000470593289870 
0.000164397208976 0.000000484680923 0.000187180895605 0.999645010504956 0.000000682225866 0.000002244483674 
0.769303757792959 0.000022458096030 0.002796039342157 0.227421675397396 0.000067593456034 0.000388475915424 
0.892830470484783 0.000765211295650 0.085521407111055 0.003569507817969 0.016716674931924 0.000596728358618 
0.287128469603990 0.000054703354003 0.690026322135201 0.003561316731526 0.018447516324852 0.000781671850428 
0.173610586166582 0.012633080128106 0.215630173510351 0.589765370442600 0.004440934292691 0.003919855459670 
0.361959799325927 0.000522611539119 0.587333707021487 0.029378853712525 0.018840242753552 0.001964785647390 
0.569594147267597 0.000091374766610 0.429694325463013 0.000592288805980 0.000024545274816 0.000003318421984 
0.000000884887562 0.000022320494890 0.999964752419456 0.000010022727957 0.000001362124087 0.000000657346048 
0.037450898024717 0.000051041854262 0.004050181475880 0.953148474974501 0.005009497892287 0.000289905778353 
0.000002324551865 0.000003679170335 0.004340814465778 0.995148523065127 0.000207627222945 0.000297031523949 
0.058388360801222 0.000156177291764 0.008146436306523 0.888350674382438 0.041586956341707 0.003371394876346 
0.000000276084222 0.000000778754597 0.000592262941212 0.000034575235670 0.000561263613099 0.998810843371200 
0.000027716698185 0.000000290557163 0.452157140399317 0.547569708564350 0.000242610931229 0.000002532849755 
0.000011738463373 0.000022010528733 0.994684537006019 0.000688070234420 0.004562431196853 0.000031212570604 
0.000014626125380 0.001218861297562 0.995887261822643 0.001240586262515 0.001619632157576 0.000019032334323 
0.030725085406886 0.000056329856992 0.001403654840342 0.967794174644164 0.000017310352175 0.000003444899441 
0.000000012028049 0.000004693244095 0.000053090396128 0.999865499090140 0.000076355193224 0.000000350048364 
0.004240502553312 0.000014475492802 0.000362585847855 0.995168220745754 0.000210681195257 0.000003534165021 
0.000294758616886 0.000044153172137 0.004709583590995 0.994499399591527 0.000372291360011 0.000079813668444 
0.000003408248738 0.000452780559888 0.003515505453310 0.970181642110987 0.025840507372356 0.000006156254721 
0.000158310310522 0.011477077881822 0.288204938353405 0.081433913872337 0.561494409959063 0.057231349622851 
0.000000000000701 0.000000000019544 0.000000000176163 0.999999999708088 0.000000000052550 0.000000000042954 
0.215009043866234 0.002143242976925 0.759461851046232 0.006855656594588 0.010125204514353 0.006405001001668 
0.000000000959754 0.000000022723090 0.000014129662264 0.000000093239511 0.999985736468030 0.000000016947352 
0.000001561339555 0.000008689402173 0.998474748459953 0.001295878525304 0.000043120311131 0.000176001961884 
0.001048416049154 0.000003176080151 0.432456827502186 0.566338808433449 0.000007041616636 0.000145730318424 
0.000015848003431 0.000051586526594 0.998164654214801 0.000001138866564 0.001765913723656 0.000000858664955 
0.020504168612928 0.000920395520668 0.301620080083664 0.675908838354627 0.000216245317290 0.000830272110823 
0.000001966718180 0.020699529619995 0.000060161719138 0.977874145666342 0.001214595350350 0.000149600925994 
0.000000007533364 0.000000217611564 0.000001842990234 0.999965822526484 0.000032073379272 0.000000035959081 
0.000000130159332 0.000001406091760 0.000119270503778 0.999863505780823 0.000015517137440 0.000000170326866 
0.000000000047327 0.000000000601575 0.000000000020681 0.999999999245149 0.000000000014135 0.000000000071133 
0.000000000008482 0.000003730548263 0.000001589779314 0.999994652373148 0.000000020233719 0.000000007057074 
0.011425883690471 0.000139583998504 0.183892487703472 0.001401472235514 0.803133764384507 0.000006807987532 
0.198068286963633 0.003967205152197 0.082330518152089 0.710949823007715 0.003200195350234 0.001483971374132 
0.056248880570178 0.001704430674820 0.462358766187429 0.098009179231511 0.380730257914852 0.000948485421211 
0.010368190016803 0.000103488215432 0.053725216197964 0.921490498987743 0.014194044378705 0.000118562203353 
0.000070850831431 0.000278165622634 0.277538988434599 0.712615085195577 0.008521091322901 0.000975818592857 
0.000064446563452 0.000093911834080 0.182938700692583 0.813512366249631 0.003189684878774 0.000200889781480 
0.000000070208349 0.000000548829174 0.001785871759653 0.980396103031942 0.017766713468868 0.000050692702015 
0.999862329923147 0.000000032391892 0.000129715407600 0.000007208089078 0.000000563917609 0.000000150270673 
0.002213876924559 0.002432803371207 0.933925100763521 0.003786036687745 0.054571744189474 0.003070438063493 
0.000011306612815 0.000000126658316 0.000174976689021 0.000190200306098 0.054049077719839 0.945574312013909 
0.004280220488554 0.000007877808872 0.048182434457050 0.947507189020015 0.000015948101649 0.000006330123861 
0.020224139513718 0.000913858911128 0.902709608444174 0.073778024507604 0.001699919532918 0.000674449090458 
0.995664368261981 0.001574582599773 0.000621915045193 0.001960207276834 0.000178909215306 0.000000017600913 
0.000016935729638 0.000001213132151 0.000517239268899 0.000001862380615 0.999215320019127 0.000247429469570 
0.773919765010502 0.000734585566013 0.220987956694808 0.002756862355793 0.001569482905318 0.000031347467566 
0.002498640207423 0.000009920278007 0.003003396055346 0.993233385224115 0.000178341623818 0.001076316611289 
0.000000004081782 0.000000551148217 0.085855290644591 0.000469575216351 0.913673431864722 0.000001147044336 
0.000386126952942 0.000052293088382 0.098336859862961 0.900913213042609 0.000283565520410 0.000027941532696 
0.000033459016377 0.999241028333034 0.000061965718093 0.000523209155028 0.000140060475631 0.000000277301837 
0.000000354863658 0.000000088692351 0.000000091483960 0.999997817007760 0.000001643285144 0.000000004667127 
0.163041249803089 0.000150490282508 0.659118433313287 0.105643818705558 0.071760431803965 0.000285576091592 
0.000000202494490 0.000022490149165 0.999976840766863 0.000000115866965 0.000000345876812 0.000000004845705 
0.002428013373021 0.000022946115433 0.001605930566880 0.995567952672234 0.000277643984031 0.000097513288400 
0.001617974108467 0.005840373885757 0.472385229228398 0.264408383819890 0.035755239445753 0.219992799511735 
0.000005144669427 0.000002206110733 0.950212683555765 0.049535314376852 0.000150198404376 0.000094452882847 
0.000186720713294 0.001731533980701 0.001368868805939 0.911087289292320 0.000438598312566 0.085186988895180 
0.000000000000180 0.000000068774476 0.000003022207149 0.999996850646877 0.000000057143445 0.000000001227872 
0.000196743966647 0.000014184548264 0.093644710224387 0.870665570535644 0.028330187798181 0.007148602926877 
0.000034500730170 0.000392445034595 0.030874024804952 0.968545255515219 0.000020681932399 0.000133091982666 
0.000036900527237 0.989293013474482 0.010061945747304 0.000354149393340 0.000249916244367 0.000004074613270 
0.000004434255297 0.000012230094623 0.343317064896899 0.656639004885941 0.000014829815078 0.000012436052162 
0.016599679343434 0.000124838719160 0.135447942527991 0.833353047172473 0.011358750073695 0.003115742163247 
0.000566766936488 0.000015648705102 0.994681806433175 0.001291521387328 0.002739298576047 0.000704957961860 
0.004426579375848 0.000012136924468 0.952135289843098 0.040906833849422 0.002494571911373 0.000024588095790 
0.017986778224719 0.002136728551095 0.846572584851530 0.031800307034614 0.100410415801153 0.001093185536889 
0.000006084532121 0.000000674753279 0.000003236789142 0.999621346688234 0.000368246235621 0.000000411001602 
0.000000020848157 0.000000011826415 0.000000213201910 0.999999716063232 0.000000037805536 0.000000000254750 
0.005022357878354 0.000000093354127 0.051155474770889 0.901184059495336 0.000024582008149 0.042613432493144 
0.998104415050271 0.000000480149951 0.001696043007320 0.000166816294520 0.000031576247423 0.000000669250516 
0.000205301432929 0.000019322555720 0.007960468259561 0.991786462666149 0.000025593620051 0.000002851465589 
0.000000099497337 0.000012801157573 0.999665100324128 0.000035775653857 0.000239033952425 0.000047189414681 
0.994732832838775 0.000678987331891 0.001735379621346 0.002384635282812 0.000444855927081 0.000023308998095 
0.000266715157626 0.000003841877823 0.999720744601191 0.000007368331307 0.000000762869165 0.000000567162888 
0.000071088972415 0.000002777130569 0.011379493799781 0.987378001287319 0.001157882546534 0.000010756263382 
0.017049021796083 0.051008527744361 0.865928922379619 0.065533589593740 0.000106498202642 0.000373440283555 
0.000000027560259 0.000000000044895 0.000000023108600 0.000000058484679 0.000000900522209 0.999998990279358 
0.000000111492748 0.000076785918694 0.007896179177220 0.991985999744236 0.000039819441503 0.000001104225598 
0.001403031041326 0.000012059951923 0.047330974152408 0.276432018357311 0.670514230252124 0.004307686244908 
0.012576348566159 0.000124601822252 0.002111380401029 0.983500309063307 0.001063811221821 0.000623548925433 
0.000002628000484 0.016938480829999 0.001025048579135 0.976913396406168 0.005099579094047 0.000020867090166 
0.000000561899289 0.000485724676569 0.000767365603174 0.958991369414099 0.039736576075632 0.000018402331237 
0.999999971135526 0.000000000020049 0.000000022424538 0.000000006388694 0.000000000030356 0.000000000000838 
0.009076221208066 0.000013112201625 0.805753560442921 0.177226387276345 0.001445076034888 0.006485642836154 
0.002992923591830 0.000146919670550 0.988017785977158 0.008520974392228 0.000305159313192 0.000016237055043 
0.010720735525326 0.000008936151761 0.988669169673546 0.000280139598419 0.000282025937796 0.000038993113153 
0.000717296436361 0.000005073440540 0.013205110529744 0.960557568140365 0.012977329052278 0.012537622400711 
0.000230452997752 0.000005699856091 0.999300614057197 0.000056046792789 0.000397983651313 0.000009202644858 
0.284566773209398 0.006700645933610 0.004341508766509 0.002711337158850 0.000854933090145 0.700824801841489 
0.000151354324889 0.000010611556154 0.949274806484248 0.049278522226575 0.001248631724638 0.000036073683496 
0.244371930621919 0.000023288429507 0.045926457657128 0.019857690653184 0.684830505587341 0.004990127050922 
0.000000119919583 0.000003535257341 0.000571832487706 0.999385725607689 0.000038492218148 0.000000294509533 
0.001206731853989 0.052379524353718 0.091818679594944 0.827000879374063 0.025379576057723 0.002214608765562 
0.051495939369192 0.000001681368821 0.000207391484444 0.940736385458572 0.007509004927732 0.000049597391238 
0.000157729589785 0.011671369957242 0.726288145546253 0.002424236988048 0.202560140134891 0.056898377783781 
0.000013783823436 0.000003870430301 0.000351554830731 0.999625202074061 0.000005524295289 0.000000064546182 
0.000000000904313 0.000000075511151 0.000014969054844 0.000000431788264 0.999984501887750 0.000000020853678 
0.000000000598132 0.000005501165815 0.998092300214498 0.000025999336961 0.001875951049487 0.000000247635106 
0.818018707306901 0.000003999304556 0.038494108588519 0.013085506005785 0.128484105735366 0.001913573058874 
0.076790427697206 0.000792193176669 0.382546415274004 0.389109187940666 0.043143552814381 0.107618223097075 
0.002941791840363 0.000005017662281 0.055066352390631 0.000095541828293 0.941344210752798 0.000547085525634 
0.952452067087972 0.000234830754591 0.043162833205050 0.003173610130939 0.000971258896465 0.000005399924983 
0.000000410328417 0.000000988133545 0.008915285700447 0.990943280383855 0.000139643615984 0.000000391837752 
0.000000000105729 0.000000770388396 0.000000232407384 0.999998961705539 0.000000035354822 0.000000000038129 
0.000054551379803 0.003234737326431 0.650770943676501 0.335569043223655 0.010157148337008 0.000213576056602 
0.000014371842157 0.000287554062638 0.190546375814294 0.807808970188020 0.001195862051755 0.000146866041136 
0.000764211818798 0.001385027121133 0.280000033130614 0.615872352130416 0.068337572251346 0.033640803547693 
0.612768479415602 0.001169161914940 0.211635865035543 0.170473043250041 0.002797390952539 0.001156059431335 
0.341472572136019 0.000044533095815 0.652739002790788 0.000659827633081 0.005041216187070 0.000042848157227 
0.000117258273209 0.003298621606702 0.866553358216668 0.129881654557093 0.000021840126986 0.000127267219340 
0.008846050107714 0.000008951188555 0.100393859384563 0.885427911418381 0.005213445929150 0.000109781971638 
0.000000000004818 0.000000000005944 0.000000000054205 0.000000000748306 0.000000000097058 0.999999999089669 
0.114463043791699 0.004488201251057 0.087191949922508 0.130200036387848 0.654814512986957 0.008842255659931 
0.619750061005259 0.000066025534154 0.028581117409783 0.194543593558419 0.157001642856950 0.000057559635434 
