0.000051594494753 0.000019608928063 0.968007366213037 0.031763876881033 0.000157553483115 
0.973540648956132 0.012692224722681 0.001675111247378 0.011403343243922 0.000688671829887 
0.000549092497933 0.000911641582983 0.874036059428344 0.000586250347033 0.123916956143707 
0.001497635248421 0.878729718635952 0.013848783060016 0.041820529823849 0.064103333231761 
0.000000000041901 0.000000221048325 0.000000000766712 0.000000272046591 0.999999506096472 
0.002892947931489 0.002693566165538 0.229665988090834 0.761489228958870 0.003258268853269 
0.429086520262884 0.087844708329697 0.268131780389368 0.213295510519664 0.001641480498388 
0.009302899728445 0.016692777658139 0.084269066338519 0.111432068077384 0.778303188197513 
0.000000740952788 0.031276479195128 0.000017158464876 0.014273666721587 0.954431954665620 
0.000180508161029 0.012341156222690 0.051917229562007 0.934882367512182 0.000678738542091 
0.000000023317323 0.000150399077568 0.000015182467047 0.000003660468989 0.999830734669073 
0.001044394165750 0.853142824724795 0.144855540240392 0.000021870796430 0.000935370072632 
0.979276352165666 0.000256461655376 0.000615016539983 0.001347800335890 0.018504369303085 
0.000000226728312 0.993001207819912 0.000058805016116 0.000002118900155 0.006937641535505 
0.000001457405467 0.000372915099053 0.999467361193551 0.000157821520471 0.000000444781458 
0.155213339379909 0.811496889294238 0.033247200021240 0.000038886837768 0.000003684466845 
0.000123117743773 0.156926239829616 0.784805475332800 0.032105998599965 0.026039168493846 
0.063215828861561 0.919256072845397 0.017254875245318 0.000009578969376 0.000263644078348 
0.000000000038710 0.999977417665076 0.000022580302950 0.000000000782825 0.000000001210439 
0.001049979234115 0.838136007087543 0.049110820482168 0.033095435975525 0.078607757220649 
0.000000000001239 0.999999480043207 0.000000519940986 0.000000000013335 0.000000000001232 
0.000000000000000 0.000000000000000 0.999999999999999 0.000000000000001 0.000000000000000 
0.001184226914120 0.000636687177308 0.998019852639897 0.000091203971887 0.000068029296789 
0.371936011752234 0.461402990951730 0.009814901853733 0.153993720877364 0.002852374564940 
0.521241300216931 0.385015303459178 0.078059634757330 0.009936502352528 0.005747259214033 
0.340830889614847 0.260678130390135 0.000915702663095 0.395261048696000 0.002314228635923 
0.018318572542308 0.031735002077231 0.002614006856562 0.946389519198332 0.000942899325567 
0.084755918634718 0.000048325185284 0.102226872162650 0.790794060263009 0.022174823754340 
0.038499201297804 0.000029255476138 0.114014028240712 0.768854308343978 0.078603206641369 
0.000060523758078 0.709166760769130 0.288291091618475 0.002317024233684 0.000164599620632 
0.142997474439833 0.252934349988588 0.134716688400817 0.208866307206200 0.260485179964562 
0.007575593008251 0.018104411416586 0.010626401725864 0.952415732479156 0.011277861370142 
0.001488814755426 0.000072630548839 0.937897189806341 0.059725575992889 0.000815788896505 
0.000000313183596 0.000029624517346 0.999963749910056 0.000000045598717 0.000006266790284 
0.002124057324596 0.385548922665939 0.003754736433711 0.008669213677100 0.599903069898654 
0.213092879300568 0.009180338923483 0.183881922067637 0.495306183426223 0.098538676282090 
0.000237708969440 0.000030704213967 0.999719389356923 0.000010883848572 0.000001313611098 
0.019911096648812 0.888211772283659 0.077454541026489 0.014331217457167 0.000091372583873 
0.986007728055658 0.000542185650473 0.012732963631615 0.000712692086815 0.000004430575438 
0.999999946141037 0.000000000195139 0.000000006503209 0.000000001789177 0.000000045371438 
0.128205663567001 0.001471669868594 0.722890473031797 0.127759772228873 0.019672421303734 
0.003649815293138 0.416545859210869 0.009761699962017 0.139814083028143 0.430228542505833 
0.000000000024685 0.000000000117034 0.999999979574711 0.000000020257741 0.000000000025828 
0.000000590430732 0.000358432746688 0.038191453761089 0.000000286977072 0.961449236084419 
0.000274839872486 0.018124223659132 0.024806863458075 0.008264120947884 0.948529952062423 
0.002598695733501 0.068154056412794 0.006940679484826 0.900463542722524 0.021843025646355 
0.004230916910921 0.005373281131487 0.436033350928708 0.547569138114562 0.006793312914322 
0.994680527490734 0.002073486744155 0.000161721688675 0.000154480347359 0.002929783729078 
0.001569441783172 0.850674874125812 0.135780553324118 0.011784687320155 0.000190443446742 
0.837664181806332 0.000000124598659 0.162308246338710 0.000027412868638 0.000000034387662 
0.000616000559831 0.555002486194921 0.431040732831076 0.001418716505296 0.011922063908877 
0.125239609978800 0.018399983764731 0.768744590434654 0.087456259964863 0.000159555856952 
0.143345859772643 0.271633657203429 0.018429659753674 0.311361279992964 0.255229543277291 
0.001104074437180 0.000345607123793 0.323350660498271 0.007707681049646 0.667491976891110 
0.001462166661652 0.990504441758592 0.007101402860308 0.000916259507307 0.000015729212142 
0.006610892639741 0.475225148501898 0.481096892043571 0.027851273392560 0.009215793422230 
0.000000000000013 0.000000000000033 0.000000000376481 0.000000000002193 0.999999999621280 
0.002869160131717 0.000746267883489 0.973267872364427 0.021278844217530 0.001837855402837 
0.280494445854353 0.343918229402232 0.372342423400356 0.002982923690939 0.000261977652121 
0.000003847501475 0.000291653358947 0.000150757557976 0.000000229659838 0.999553511921763 
0.196977950175359 0.056769987354318 0.031852879765489 0.521172350645526 0.193226832059308 
0.001229394681235 0.027110901575963 0.777483109087924 0.015683856252745 0.178492738402133 
0.796537153521412 0.015985461840949 0.076992943457119 0.108998462240045 0.001485978940475 
0.040516792068274 0.000067144753316 0.117984765140494 0.839557953217429 0.001873344820487 
0.002003134737382 0.651412656413676 0.345223944938550 0.000736271253066 0.000623992657325 
0.003301942917025 0.962477854855015 0.012954472016006 0.011180610335402 0.010085119876551 
0.053986310198851 0.907678734703685 0.037560407349716 0.000727908809424 0.000046638938324 
0.004210704156696 0.130401726812323 0.830717588585367 0.034557890103652 0.000112090341962 
0.498390959162071 0.000350286050058 0.005178807552681 0.154348622685155 0.341731324550034 
0.089693121008039 0.020377412912130 0.048472521833347 0.830922955241981 0.010533989004503 
0.941141068873264 0.006146784147036 0.052571967590231 0.000023889244127 0.000116290145341 
0.983394195686561 0.000059295020530 0.004143500875778 0.011928506655023 0.000474501762107 
0.000137461686433 0.912866779808442 0.042312390177994 0.043187450491749 0.001495917835382 
0.011294330637507 0.037375218816770 0.932135216573885 0.010000527947226 0.009194706024612 
0.000000167885780 0.000000515931428 0.999998028112012 0.000001111609079 0.000000176461702 
0.000323444748915 0.577930158753427 0.415105634483604 0.006421065237390 0.000219696776664 
0.001184790549717 0.014997297342041 0.899614202624397 0.081217765295981 0.002985944187864 
0.000662806636423 0.000977925311208 0.006746932918844 0.096205643407243 0.895406691726283 
0.000052320707817 0.880682307688380 0.006004660734038 0.004819633831893 0.108441077037872 
0.000459218317125 0.013958974774811 0.016370377546557 0.000845100650617 0.968366328710890 
0.000000000000005 0.000000000001963 0.000000000000061 0.000000000016731 0.999999999981240 
0.080710990869254 0.178263850719003 0.351643845269851 0.072479572255781 0.316901740886111 
0.000000015675222 0.999045839707598 0.000928755893995 0.000024815834620 0.000000572888565 
0.027144728603464 0.028390281028099 0.036772300916638 0.885457861876565 0.022234827575233 
0.001572405907567 0.008015016715581 0.025500979714342 0.252819772090255 0.712091825572255 
0.999995621399850 0.000000111343660 0.000000710011707 0.000001704337001 0.000001852907782 
0.034912077797688 0.610063370625024 0.328019099883888 0.022830625036890 0.004174826656510 
0.001671955703842 0.000036500256953 0.988436123991101 0.006563578920869 0.003291841127236 
0.217605467056897 0.640163516984434 0.002206336922025 0.137281510537062 0.002743168499582 
0.000003148055371 0.991629590187330 0.000109592059223 0.000376867972126 0.007880801725950 
0.008349144769960 0.283822235503286 0.019021294426193 0.407739753109003 0.281067572191557 
0.029842700223033 0.022560718201356 0.001772108820278 0.673541937078889 0.272282535676444 
0.005816346149493 0.091089383000916 0.189528849913640 0.009633072743370 0.703932348192581 
0.022151237359921 0.967401255001464 0.010154971186741 0.000192010227082 0.000100526224792 
0.612720225002762 0.024874133016291 0.316517467242360 0.012183571291912 0.033704603446675 
0.211378908560098 0.005366748856957 0.452104025455456 0.273513860320308 0.057636456807181 
0.012468901201666 0.193121136150852 0.336123160015429 0.448378454569404 0.009908348062649 
0.066259045848188 0.112666372588490 0.702104319772685 0.092689110621697 0.026281151168939 
0.999999999997645 0.000000000000016 0.000000000000520 0.000000000000637 0.000000000001182 
0.998765188057743 0.000049505064774 0.000018296778078 0.001164008560928 0.000003001538477 
0.001522444370701 0.018986024992181 0.759869860023617 0.218850135286490 0.000771535327011 
0.000003761574779 0.022769055858671 0.977220595260829 0.000006480564974 0.000000106740747 
0.870587789104647 0.019166493094996 0.108326368755138 0.001126086788064 0.000793262257156 
0.009710427677221 0.005246600412388 0.937400225793987 0.001610525182896 0.046032220933508 
0.003271863003477 0.981222014574319 0.015186832180974 0.000226662930775 0.000092627310455 
0.000000189032699 0.006851718194885 0.000000004871637 0.000000330279746 0.993147757621034 
0.097758279390023 0.407386715362205 0.079664486351879 0.305926199549302 0.109264319346590 
1.000000000000000 0.000000000000000 0.000000000000000 0.000000000000000 0.000000000000000 
0.003039932408794 0.613601246326319 0.014800119887169 0.047210497910607 0.321348203467110 
0.000272450676240 0.000013990794716 0.000057643044739 0.999619107691156 0.000036807793149 
0.447161216111235 0.007024465957404 0.000357939676574 0.268940238183057 0.276516140071729 
0.434912066969538 0.046029977349926 0.383306091977334 0.113718587489723 0.022033276213478 
0.008575722012941 0.007177816220731 0.091767039771135 0.011948373845787 0.880531048149407 
0.000070843405716 0.790350571918538 0.074319963913523 0.017494151217957 0.117764469544266 
0.080958082732472 0.405469852211630 0.018643201030068 0.331085557415613 0.163843306610216 
0.000474008456153 0.184590504507195 0.000357993618750 0.033097239580303 0.781480253837599 
0.032568449836285 0.009882386422401 0.512815444597275 0.377060262940580 0.067673456203460 
0.585190642703793 0.398894782500016 0.014687101786182 0.001047763276421 0.000179709733588 
0.003165990664067 0.006690348815685 0.235682606618682 0.689037718015787 0.065423335885779 
0.003026057618177 0.401866786253106 0.168089345454819 0.065597832629615 0.361419978044284 
0.418735265068866 0.000109213444472 0.002597306365239 0.578465492342140 0.000092722779284 
0.000583538092311 0.003267726401648 0.004639582821641 0.698080519156439 0.293428633527961 
0.019111251736839 0.001676397687750 0.000098956715441 0.979113193865880 0.000000199994090 
0.000037769534224 0.488567444165251 0.509279777045911 0.001925907963233 0.000189101291381 
0.906411989402068 0.000542609124373 0.018614799513756 0.074128045103024 0.000302556856779 
0.262444170243168 0.224321070183228 0.050150845546920 0.462732148916019 0.000351765110664 
0.014378276594679 0.856527562584974 0.101648674254432 0.020527418857623 0.006918067708291 
0.691791515214678 0.012274999483862 0.160065263930758 0.092409670441827 0.043458550928876 
0.000000000596191 0.999969358148029 0.000030574303940 0.000000066072009 0.000000000879832 
0.003830289959136 0.905385217357286 0.014452517309750 0.075763034915123 0.000568940458704 
0.000702464694498 0.997178572767355 0.000485197072280 0.001383954338200 0.000249811127667 
0.572889997755937 0.019506987257623 0.000054177679229 0.402825603364719 0.004723233942491 
0.000429658413445 0.000429074475171 0.997972006855377 0.000675430662306 0.000493829593702 
0.022113738560068 0.210083079611329 0.705156010399971 0.008260284827433 0.054386886601199 
0.146024711180618 0.042682024600050 0.482170536696547 0.225638432524161 0.103484294998624 
0.582806953490672 0.000000716011740 0.416970720801371 0.000059518148593 0.000162091547624 
0.000000000000002 0.000000000000016 0.000000000000002 0.999999999999829 0.000000000000152 
0.997720229528424 0.000770600580006 0.001213598491284 0.000278450187905 0.000017121212381 
0.002044534872245 0.000160046051592 0.003779422867013 0.992975823966586 0.001040172242564 
0.000000000000007 0.999999996121328 0.000000000003084 0.000000003823116 0.000000000052465 
0.654857654976283 0.063510922016669 0.048457052557747 0.201482573015430 0.031691797433871 
0.007266690750313 0.837390907392404 0.053308036338329 0.098096333955096 0.003938031563857 
0.000038040250911 0.000000010338782 0.999956276623332 0.000005557997234 0.000000114789741 
0.977642007771766 0.019420972868056 0.002048450303575 0.000714825771505 0.000173743285098 
0.000351308434744 0.451027940580460 0.004798182930465 0.543076009114267 0.000746558940064 
0.000002260789557 0.000060740100470 0.743834701495625 0.000014886788082 0.256087410826265 
0.984606660328712 0.000197184040977 0.001762110488422 0.008393807501698 0.005040237640191 
0.000005515136445 0.000711258113770 0.000154426212481 0.999016319303945 0.000112481233358 
0.004190844363700 0.001624113668834 0.784567203337812 0.063190074035300 0.146427764594354 
0.006608185955996 0.170733383147511 0.748857848307271 0.054569666887462 0.019230915701760 
0.994632391332438 0.000043032622547 0.004349336100793 0.000969116170719 0.000006123773503 
0.987799772510136 0.001282883165299 0.005264625525562 0.004199603087330 0.001453115711674 
0.315383804227623 0.015516241643235 0.021749425062263 0.186277095014400 0.461073434052479 
0.000068030923903 0.000000193819564 0.090564933086819 0.909365484116295 0.000001358053419 
0.001909482139431 0.227007276970837 0.020277280540755 0.748612934899784 0.002193025449194 
0.009054549021280 0.449358623830097 0.540492783632319 0.000048673102366 0.001045370413938 
0.960523226866883 0.028584315662095 0.009703563255425 0.000066652559165 0.001122241656433 
0.008212749309626 0.004365168280082 0.000039291885419 0.002972530887716 0.984410259637157 
0.016237890099818 0.016399951972689 0.011205205043049 0.954393830346545 0.001763122537898 
0.081005219436978 0.006706851327394 0.012476983039540 0.888824310580810 0.010986635615279 
0.527761144373011 0.164053698362560 0.087266687476568 0.180775115553224 0.040143354234637 
0.290531546720472 0.000091109077627 0.186393897868514 0.192524258690348 0.330459187643039 
0.699802745112924 0.262226465524262 0.005871372970377 0.031308245665259 0.000791170727178 
0.000643648630348 0.005972811133299 0.124938009860451 0.473199792299376 0.395245738076527 
0.000073107624491 0.994387912482678 0.002382676378209 0.000020879601206 0.003135423913416 
0.002814385227969 0.187006588014034 0.306713426127887 0.493732487017975 0.009733113612135 
0.000003597085451 0.151249174898790 0.848439382785952 0.000307531930433 0.000000313299374 
0.000094490701090 0.996497020330954 0.002219693558210 0.000970732973082 0.000218062436664 
0.372451278068731 0.233249625029128 0.148740210743734 0.207455992353465 0.038102893804942 
0.001670349214036 0.003518739098450 0.081066087313299 0.618039712294679 0.295705112079535 
0.003190378109282 0.984259359774102 0.001600889543318 0.008866476143630 0.002082896429669 
0.818328053744683 0.091129657479046 0.024837169465394 0.018413301294730 0.047291818016147 
0.000203872134180 0.000054699961418 0.004141208796743 0.995104468494569 0.000495750613090 
0.028698962287477 0.013017712952762 0.001776986522765 0.916029862276362 0.040476475960633 
0.000002905757540 0.000000102811725 0.019558282392987 0.000001260103837 0.980437448933911 
0.002471272747969 0.652175241099557 0.007416989896209 0.081858185138201 0.256078311118064 
0.000000194674780 0.000000498822526 0.999994536042555 0.000000352203937 0.000004418256203 
0.000000001222542 0.999976160167116 0.000019138398658 0.000000481175466 0.000004219036219 
0.001883468219245 0.000012390674754 0.000101791250628 0.997995607265172 0.000006742590200 
0.011335242297493 0.000525327532115 0.805011577882663 0.141460801821633 0.041667050466096 
0.083183674918273 0.000139537920049 0.000066562169633 0.004408537993079 0.912201686998965 
0.284112939144523 0.239411021997611 0.464147241243738 0.009031801346117 0.003296996268012 
0.001032675497029 0.000316682053042 0.000118144480122 0.998339106150399 0.000193391819408 
0.060476889491218 0.938141978143720 0.000031655964389 0.001164869892098 0.000184606508574 
0.530549086982704 0.103170966740188 0.000777316623652 0.361265260968482 0.004237368684974 
0.020981171782470 0.757796934843059 0.007525110190371 0.142939784443010 0.070756998741090 
0.023214331797201 0.105694180841034 0.000370741523190 0.009716153773267 0.861004592065309 
0.000002720797203 0.000000400242337 0.075749333647752 0.000000272026695 0.924247273286014 
0.000000003441490 0.999968726057999 0.000030801989546 0.000000209781091 0.000000258729875 
0.000213183533705 0.984819303674629 0.008498538234515 0.006368023738390 0.000100950818760 
0.968412380199871 0.000009057591883 0.000062273332733 0.003229976976408 0.028286311899104 
0.024592557288589 0.642337488068249 0.091783711561877 0.128651068981599 0.112635174099687 
0.003073608543788 0.704932668629597 0.269466018842643 0.010681916796558 0.011845787187415 
0.999971847371066 0.000005855740165 0.000005971823979 0.000003665381435 0.000012659683355 
0.000055298467215 0.386862723910151 0.000000685905916 0.612286255880609 0.000795035836110 
0.000075911959900 0.671953382913362 0.011112192928221 0.297962895632310 0.018895616566206 
0.987476628399153 0.000339016272612 0.007205508688073 0.002070505600809 0.002908341039353 
0.085533671342193 0.027803338830040 0.162570721331003 0.705464263091573 0.018628005405191 
0.003909691885978 0.000000804595066 0.001150506832677 0.994747135168863 0.000191861517416 
0.106946120660956 0.002597359007434 0.019191724344949 0.018643772244520 0.852621023742141 
0.007755848170161 0.052732668619717 0.026699001331640 0.912729135559871 0.000083346318610 
0.004080303457144 0.002851688749275 0.740282124156381 0.008903917624385 0.243881966012814 
0.243937396898551 0.000001457783164 0.055121598259549 0.696551423842524 0.004388123216211 
0.000000000000187 0.000000000000542 0.000000000000047 0.999999999974540 0.000000000024684 
0.018222935574071 0.001281602178398 0.374525914095238 0.604572137490170 0.001397410662123 
0.000000000008857 0.999999856389415 0.000000000564721 0.000000072154698 0.000000070882310 
0.044996887588437 0.484125089486648 0.241692032482968 0.187172812790581 0.042013177651365 
0.027410962930369 0.013852102696064 0.212402071112424 0.746123428536715 0.000211434724428 
0.057994864198023 0.906661759522418 0.014610383262630 0.016940250190265 0.003792742826664 
0.003978363064974 0.000842339991792 0.988974397952866 0.004748963788627 0.001455935201741 
0.000000011084892 0.999097668625244 0.000849746287168 0.000000124659136 0.000052449343561 
0.000000944489669 0.999908915743173 0.000077704056993 0.000012169702600 0.000000266007565 
0.000000713899209 0.000000003258613 0.999995951295104 0.000003040209748 0.000000291337325 
0.045609736943961 0.002632995636293 0.014651009240093 0.913051442246664 0.024054815932989 
0.937492109329949 0.016204489623475 0.046299832394407 0.000003009769868 0.000000558882301 
0.000266293752243 0.005643338100466 0.000886561086991 0.955490434091486 0.037713372968814 
0.000000024104882 0.999998554469622 0.000001008189464 0.000000411181364 0.000000002054668 
0.000000000168494 0.000000000000010 0.999999999445532 0.000000000021794 0.000000000364170 
0.097067223185988 0.007507824632330 0.000040294663466 0.895367063498772 0.000017594019444 
0.999330695562376 0.000003797112956 0.000012594510311 0.000007044245409 0.000645868568948 
0.195522889432703 0.052715970441487 0.000373591417272 0.457491110565610 0.293896438142928 
0.047256147484780 0.075587033277006 0.037061909755361 0.006531520411167 0.833563389071686 
0.007275179971436 0.002660511908528 0.672941600568805 0.057492445185522 0.259630262365709 
0.479409395267925 0.331416509031968 0.027490621764949 0.053128043753165 0.108555430181994 
0.947648763088096 0.004048327895390 0.017381526216851 0.005899773324104 0.025021609475560 
0.016550140584167 0.190106529439612 0.333674042667235 0.455012365861211 0.004656921447776 
0.007821420877014 0.063823038863562 0.119450759956251 0.771970422046938 0.036934358256234 
0.000022029581085 0.000000074606932 0.000000140049149 0.999977587248061 0.000000168514774 
0.002150949494426 0.000102928507877 0.043395440152072 0.836937477997201 0.117413203848424 
0.000000000000193 0.000000000399000 0.000000000000937 0.000000143153244 0.999999856446626 
0.974644012625215 0.018109565676257 0.002992180210471 0.003515677630095 0.000738563857962 
0.000047543801375 0.002628370681232 0.000191204095498 0.993969121587378 0.003163759834518 
0.323071329302915 0.012758696692294 0.042367503123003 0.617385195252462 0.004417275629326 
0.000001447443744 0.007585008903575 0.003180358055872 0.989147822057827 0.000085363538982 
0.022615467272012 0.856099035181741 0.010939871650064 0.005682584033493 0.104663041862691 
0.000051097211648 0.000002704588917 0.904375499921567 0.095566720752222 0.000003977525647 
0.000024890632562 0.000010192697478 0.999900977306057 0.000045753373667 0.000018185990235 
0.915663069399258 0.057823685116344 0.013696981345922 0.011729821777806 0.001086442360670 
0.000051271403135 0.034796885094472 0.962484415165257 0.002234936629550 0.000432491707586 
0.719160777491084 0.098274535559305 0.001875987045859 0.178601121062347 0.002087578841405 
0.000000000000095 0.999999999346086 0.000000000494438 0.000000000065270 0.000000000094112 
0.000021690181954 0.042975682594194 0.012706255543312 0.943922848631491 0.000373523049049 
0.000609844149596 0.548522419496552 0.450657736858792 0.000088910783294 0.000121088711766 
0.190739764926325 0.735735008956992 0.059906799431147 0.000166746599320 0.013451680086216 
0.063222050013979 0.503712733786905 0.301337570473232 0.104078740507016 0.027648905218869 
0.000179768837524 0.067475900911147 0.069267824856218 0.451947720526969 0.411128784868142 
0.999997464296393 0.000000248440480 0.000000391816376 0.000001619484716 0.000000275962035 
0.086994796233503 0.175034010973041 0.232029218015299 0.069862589344544 0.436079385433612 
0.001961930474537 0.014457451039027 0.003638017623983 0.975918349387986 0.004024251474467 
0.000083611027240 0.193858815156129 0.573679075009562 0.229437379759978 0.002941119047092 
0.000000248278236 0.000011609047573 0.000003728271634 0.000000214946688 0.999984199455869 
0.652140242815033 0.097412022287266 0.243839356907118 0.006443098997342 0.000165278993241 
0.001777835947880 0.995279761575096 0.000300873269351 0.000027894489045 0.002613634718629 
0.004843776334372 0.002526676116145 0.186452152438477 0.805114618794204 0.001062776316802 
0.010457872193883 0.036941479108152 0.004031889057125 0.921612648913111 0.026956110727728 
0.225388883122595 0.681228155216800 0.092129047068010 0.000802709241997 0.000451205350598 
0.996318757282145 0.000676784240561 0.001052677842520 0.000255382525925 0.001696398108849 
0.117348923653121 0.114687925709096 0.745567557245695 0.021828921179000 0.000566672213087 
0.001700207832636 0.599844525866349 0.304679528531575 0.092230464917303 0.001545272852136 
0.321914564958092 0.274707304650545 0.355674570197199 0.046937277263209 0.000766282930956 
0.006011378446817 0.000163810186823 0.000239154158849 0.993389746621739 0.000195910585772 
0.000002440281732 0.997655690834216 0.000002933609267 0.000543624361614 0.001795310913171 
0.005381267948706 0.000072084807196 0.436556595598852 0.556723119905230 0.001266931740016 
0.018798865615227 0.334863681595450 0.148593372010678 0.002345065957574 0.495399014821071 
0.930413822096477 0.008888092478667 0.005705995460208 0.054987146458944 0.000004943505704 
0.000001602929204 0.752264077319585 0.247632905290571 0.000086014226581 0.000015400234059 
0.000219546676233 0.043388723446003 0.951233514729321 0.005122033759903 0.000036181388540 
0.007706123686723 0.267288953690618 0.417316654433709 0.281146615548100 0.026541652640850 
0.004154470682729 0.031569580904006 0.007794707886583 0.939854454227332 0.016626786299349 
0.000004902137284 0.005645710263826 0.994048513143600 0.000273095428876 0.000027779026414 
0.000101883734267 0.012208079956483 0.000360886066414 0.060103436766200 0.927225713476636 
0.001022430368404 0.008360309995875 0.974537020309166 0.015640668970550 0.000439570356006 
0.808254016064781 0.000632045676460 0.182151067762503 0.008816203943085 0.000146666553172 
0.001120654231065 0.003155833514857 0.004403645187472 0.144529935132771 0.846789931933836 
0.003438094678858 0.000002388861098 0.989353248711981 0.007173268765667 0.000032998982396 
0.020346669605735 0.011796315568509 0.000533267151936 0.261668187907776 0.705655559766045 
0.000112881108650 0.006217095585347 0.071404425556135 0.000196789598286 0.922068808151582 
0.000000247419098 0.999997816615269 0.000001274212543 0.000000076746183 0.000000585006907 
0.000519988286249 0.996900540187887 0.000028759734029 0.002130530491803 0.000420181300032 
0.000017235618902 0.150178236184767 0.849750544988982 0.000053759914667 0.000000223292682 
0.039299710286462 0.213250354129747 0.130662171272308 0.604044062843903 0.012743701467581 
0.941955090320214 0.001427818276720 0.000140959537006 0.024699613571193 0.031776518294867 
0.000010799144644 0.999376567838174 0.000221721464873 0.000374734933256 0.000016176619053 
0.987630189232091 0.003286451217400 0.004613673181335 0.003917357523251 0.000552328845923 
0.000010600432215 0.412389997009987 0.010298306830101 0.000002576945481 0.577298518782217 
0.965400958878430 0.016731656376615 0.013824653951616 0.002275235392931 0.001767495400409 
0.003410566728917 0.002612476112346 0.402630180205878 0.586169193287085 0.005177583665773 
0.831297595567197 0.004835516015112 0.116861310128287 0.044136709367700 0.002868868921703 
0.309407821455322 0.002143093224150 0.647112537803799 0.040529747766715 0.000806799750013 
0.000263010024286 0.542331190618186 0.025339409400686 0.416695970195281 0.015370419761561 
0.000060832874306 0.848419375128478 0.025907255372439 0.000039813272582 0.125572723352195 
0.058145544252107 0.428028272634603 0.288194111382579 0.205851914978278 0.019780156752433 
0.997044930200500 0.000030084229974 0.000071284656886 0.000476245326527 0.002377455586113 
0.000442051291169 0.004131624370655 0.002560802381697 0.000332146427614 0.992533375528864 
0.000429280942471 0.000396716366047 0.000397864534650 0.998731828989988 0.000044309166844 
0.999999942846197 0.000000000003261 0.000000000027301 0.000000010038180 0.000000047085061 
0.019850113019301 0.029457386711951 0.690205721864978 0.224770459346690 0.035716319057081 
0.124195681522994 0.330593127942679 0.540345310214328 0.003071322954403 0.001794557365596 
0.000000737225944 0.999998581220677 0.000000354424171 0.000000097332643 0.000000229796565 
0.542729277235631 0.004727566683890 0.109094407038194 0.313716787095731 0.029731961946555 
0.000085166587163 0.000001210434260 0.000951404379748 0.998669515380936 0.000292703217893 
0.001380794817931 0.000058594132722 0.009310197347134 0.633037263432509 0.356213150269704 
0.000109882838511 0.008358169257163 0.004189701183222 0.001043384143708 0.986298862577396 
0.000126520963057 0.177053638903619 0.797500715086105 0.013975876431554 0.011343248615665 
0.000000029687904 0.000014852622024 0.999983859099286 0.000000985293628 0.000000273297159 
0.015643690173741 0.001877872809458 0.003229798178672 0.975216650445716 0.004031988392413 
0.508521618055134 0.003273624326842 0.055530683729228 0.258492770895054 0.174181302993742 
0.963207532600641 0.008742943299348 0.000670118239645 0.027281774947456 0.000097630912909 
0.000013986142362 0.335919560877822 0.000021533869219 0.000317382289588 0.663727536821009 
0.000000119357650 0.989217171036570 0.000017460464836 0.000075407683499 0.010689841457445 
0.002540481936990 0.924389761036550 0.067812992203206 0.004315787462124 0.000940977361131 
0.207521215917867 0.000074095800613 0.000105420683902 0.788169824396175 0.004129443201442 
0.000057917880997 0.807974810924083 0.174764767404758 0.017154162978664 0.000048340811497 
0.122621543051920 0.015848925817662 0.813187513016425 0.044070019717648 0.004271998396345 
0.000702870850821 0.998255129537253 0.000869923836394 0.000074907510818 0.000097168264714 
0.436658866057785 0.000443854826826 0.561837275940508 0.001012958506456 0.000047044668423 
0.000022601108098 0.000004346795626 0.998918962727888 0.000023368265716 0.001030721102672 
0.120156008262661 0.823794386050977 0.025084395693162 0.001985301848432 0.028979908144768 
0.001797318423990 0.009193491514752 0.061559968030610 0.334466187131337 0.592983034899311 
0.002491127626665 0.000001528291965 0.334770582906751 0.602342048048825 0.060394713125795 
0.999999739507219 0.000000000083204 0.000000001040442 0.000000240596024 0.000000018773111 
0.999999999871896 0.000000000006231 0.000000000059618 0.000000000059837 0.000000000002418 
0.001263587772506 0.104408920080914 0.879017769605449 0.003099358371667 0.012210364169463 
0.000003452133512 0.000318821201628 0.000017289725947 0.000298342169972 0.999362094768941 
0.998808903815370 0.000000457018573 0.000004442062306 0.000003930468979 0.001182266634773 
0.000007030502106 0.992694385368009 0.001354732269413 0.005943349406818 0.000000502453654 
0.000343415315862 0.072755555626265 0.926797661292114 0.000098331118935 0.000005036646825 
0.000254158817607 0.302476642256346 0.650176626340219 0.004402770750716 0.042689801835112 
0.996708658414734 0.000080335674536 0.000004683022749 0.003183364030980 0.000022958857000 
0.001145802040312 0.000190787480810 0.057059516013028 0.901405186149351 0.040198708316499 
0.000000000001001 0.000000000134457 0.000000000191869 0.000000011094459 0.999999988578215 
0.000304593601010 0.998734675629288 0.000829296650412 0.000076308507474 0.000055125611815 
0.000132912082023 0.213174822767692 0.013614557071888 0.000206367358070 0.772871340720327 
0.000228641384178 0.244010068587202 0.755454450337055 0.000285107062644 0.000021732628921 
0.000000583177875 0.998217995847130 0.001777346790504 0.000000388165674 0.000003686018817 
0.000000002782101 0.000000183302271 0.000000000916252 0.999940711797056 0.000059101202318 
0.000092604265074 0.044977390074960 0.013588732011074 0.031063388924185 0.910277884724707 
0.000001152583489 0.001452971334994 0.000298056163009 0.000000904209620 0.998246915708887 
0.000001518821254 0.999953985996995 0.000040888323893 0.000000496230145 0.000003110627713 
0.000000005634086 0.000000015722691 0.999999100960622 0.000000051062733 0.000000826619868 
0.793355314527313 0.002054415100897 0.002983243659805 0.197040873123347 0.004566153588638 
0.000646204823689 0.001294642038869 0.997648728676392 0.000325049187835 0.000085375273215 
0.000003637397096 0.000001233774713 0.000145453339194 0.973524570047897 0.026325105441100 
0.001410099829834 0.085953848184144 0.874480943738209 0.036457839223257 0.001697269024556 
0.000131784876763 0.121389646726244 0.008386184023725 0.068656004422723 0.801436379950545 
0.706654240965608 0.027499875992648 0.264910357534497 0.000063431892693 0.000872093614554 
0.672779522597992 0.166146955711945 0.099459812897813 0.054391161710452 0.007222547081799 
0.025284483288500 0.000181351326051 0.000973475032963 0.973522462813268 0.000038227539218 
0.000071747432554 0.000357559603307 0.000557862251489 0.008169141238597 0.990843689474054 
0.033002927429103 0.028335240221839 0.613135691267371 0.215064561157500 0.110461579924187 
0.000320414064711 0.000061838683274 0.000154557950721 0.999168899173027 0.000294290128267 
0.976791886205930 0.020487472796450 0.000794878199896 0.001902138189378 0.000023624608345 
0.319322022287702 0.000015505508484 0.680181767681546 0.000135569625116 0.000345134897152 
0.453260615282102 0.206750813733540 0.278561056777724 0.002769085911055 0.058658428295579 
0.000308917338748 0.000119222766315 0.997217050606054 0.001366472292579 0.000988336996305 
0.000964919748825 0.000578139353736 0.882050805591603 0.009706828986777 0.106699306319059 
0.000892304740491 0.949629997653745 0.013053162382529 0.032333195682214 0.004091339541021 
0.089920447227520 0.030695601163447 0.146547023979542 0.626174671258525 0.106662256370966 
0.009211790727067 0.678255638135868 0.199344456242607 0.109678928324134 0.003509186570324 
0.100021725765615 0.478827984936594 0.213437579032101 0.016480888222861 0.191231822042829 
0.000510117908107 0.013536796069040 0.985738998720580 0.000013337997161 0.000200749305112 
0.002313030454892 0.066692369761513 0.061520321430616 0.864852134892440 0.004622143460540 
0.000005255474049 0.000000098576756 0.000004507759339 0.999989651520239 0.000000486669617 
0.138756746287647 0.014839631016865 0.000110284970009 0.844734497073230 0.001558840652249 
0.453073150392290 0.000831306759150 0.200543983615350 0.336054581711818 0.009496977521391 
0.000024466229261 0.000012875982691 0.966632604715768 0.001127089324068 0.032202963748212 
0.685557833410520 0.140212602807671 0.043325564380990 0.110777187286497 0.020126812114321 
0.000132157064486 0.655904906431671 0.338798595999005 0.005115447169393 0.000048893335444 
0.092333495596381 0.000025505707582 0.000209935901645 0.907412347665025 0.000018715129368 
0.017384904103756 0.916857671697289 0.017261908435924 0.011273245340898 0.037222270422133 
0.046400621507496 0.000277575823217 0.064371491318010 0.007878746784332 0.881071564566944 
0.007071431353456 0.265581806049743 0.008634734066289 0.695508278289288 0.023203750241224 
0.000345942097465 0.250206389106784 0.036069373786579 0.025964705465326 0.687413589543846 
0.370822048186880 0.009029845819708 0.615492212391886 0.003965620325058 0.000690273276468 
0.999998491495070 0.000000032704881 0.000000035624526 0.000000109013784 0.000001331161740 
0.000507732440973 0.016220361550449 0.980741912532607 0.002512867016281 0.000017126459689 
0.000000334164028 0.000003156591149 0.000000209793135 0.999996136955918 0.000000162495771 
0.001691722700700 0.449298446863226 0.051467675956182 0.493650293830636 0.003891860649256 
0.086523797921855 0.010042715005515 0.000008887224318 0.899824277089808 0.003600322758503 
0.002503011067532 0.978366587989195 0.015538292080142 0.002890658798623 0.000701450064508 
0.000084113181764 0.009957240897314 0.917550862975619 0.061641664575291 0.010766118370012 
0.138481569315263 0.145929297867763 0.501826901869834 0.213597465896732 0.000164765050408 
0.000249953013293 0.061526542950106 0.087040860941283 0.848404625232566 0.002778017862752 
0.994118648306179 0.003379928529072 0.002039261156416 0.000415437359253 0.000046724649081 
0.000000000000017 0.999999988118716 0.000000000012500 0.000000000007884 0.000000011860883 
0.000689626422916 0.626672926327975 0.018893628634150 0.141315468425873 0.212428350189086 
0.095471073359186 0.728482282517379 0.173589497971726 0.001161106354939 0.001296039796769 
0.000000000003117 0.999999331113523 0.000000001697056 0.000000005768864 0.000000661417440 
0.015778353411516 0.000011739030645 0.389952120417970 0.004056311095526 0.590201476044343 
0.003607439801511 0.456700732683445 0.178300142572262 0.009230731746246 0.352160953196536 
0.349448554429624 0.511098511392109 0.030616906402839 0.035003650400675 0.073832377374752 
0.007839358307675 0.137832362536074 0.152601505200622 0.334453207704364 0.367273566251265 
0.002332934989523 0.241492188553924 0.655492674063691 0.000415653676874 0.100266548715989 
0.000008380253154 0.002534896592687 0.409166778520964 0.000074758141547 0.588215186491649 
0.880419877794712 0.000310040894500 0.109617707641732 0.009266965016522 0.000385408652535 
0.005579625607300 0.022156073968049 0.789485666742256 0.033864988012110 0.148913645670286 
0.101473489945113 0.567872874721193 0.301538463419439 0.028216540585002 0.000898631329253 
0.000000064502000 0.000000088573812 0.999860406006138 0.000139440913755 0.000000000004295 
0.002854954398799 0.000386508225401 0.031864351293026 0.963707543606790 0.001186642475983 
0.000023612360280 0.001721532765299 0.787989714107078 0.000101801039533 0.210163339727810 
0.000042913402535 0.000742412627636 0.999034099354201 0.000081441436430 0.000099133179199 
0.004619864072225 0.000096234754137 0.940052084775388 0.001513969914166 0.053717846484084 
0.199650591567165 0.551329038248611 0.038072711675398 0.192719313574853 0.018228344933974 
0.397615157455855 0.108706826824649 0.005550703055652 0.025489448862240 0.462637863801603 
0.004238015475024 0.086836245668523 0.741077428197378 0.163916165530025 0.003932145129050 
0.011637098879752 0.044416817671421 0.258358763218032 0.250483280579512 0.435104039651284 
0.000001775959724 0.000482683406889 0.000026757664789 0.000008239510744 0.999480543457854 
0.405113528773587 0.295561620815237 0.000381722011371 0.298815804704625 0.000127323695180 
0.000146214994286 0.849580606131234 0.149846707742674 0.000373399205048 0.000053071926758 
0.999982762118683 0.000003778372343 0.000001694577284 0.000008136526100 0.000003628405588 
0.000549598062607 0.004698399584649 0.001090549760829 0.150935400923268 0.842726051668647 
0.000116767764330 0.987090535304286 0.000966235160516 0.011809588225343 0.000016873545526 
0.000000000000319 0.000000000003678 0.000000000001663 0.000000000118551 0.999999999875789 
0.003299941523547 0.949171736677549 0.045286082159193 0.001565413095862 0.000676826543851 
0.000993934467115 0.951011349776917 0.015669218723888 0.026877674480368 0.005447822551712 
0.071975273962341 0.353975125191820 0.565746808235056 0.000844126126006 0.007458666484777 
0.000965615068120 0.942692361528036 0.035534000390712 0.020134524845898 0.000673498167234 
0.188300981645209 0.000159609615043 0.040638896459250 0.680355631423665 0.090544880856834 
0.000082598840822 0.802554983414782 0.134498139712945 0.058164335093336 0.004699942938115 
0.999471015962158 0.000042592212609 0.000057709478606 0.000350541616456 0.000078140730170 
0.086514955758615 0.246742997241214 0.139329453522416 0.517209129197605 0.010203464280150 
0.999991197891649 0.000000398499815 0.000000803258865 0.000002146936100 0.000005453413571 
0.003860926534065 0.007955767914240 0.380390055992263 0.606064968703737 0.001728280855693 
0.014779372796351 0.058192092548874 0.000853883491470 0.924145455522147 0.002029195641158 
0.000000180256098 0.000000052188836 0.000000337676591 0.999992768147706 0.000006661730769 
0.544137384219137 0.004095073883424 0.189703961461372 0.182213988881236 0.079849591554831 
0.004008256514179 0.003086310492948 0.031059644196003 0.916403126486277 0.045442662310594 
0.000162849433672 0.000280733284781 0.998886116974353 0.000664334012658 0.000005966294537 
0.022777448631324 0.004691222227406 0.010430645452912 0.959308921091892 0.002791762596466 
0.182211428664456 0.129923745956208 0.148260329072353 0.538175496578721 0.001428999728263 
0.000832965808969 0.121862982178194 0.008209387501209 0.089162211923839 0.779932452587788 
0.173953795142950 0.726617147241984 0.005359280434606 0.093671007105413 0.000398770075047 
0.000005413067374 0.928314554993488 0.000126183338201 0.000629724180291 0.070924124420646 
0.002129454480040 0.011728430297862 0.052414686787615 0.261171122504098 0.672556305930384 
0.000759142268139 0.854309826424183 0.144666909268531 0.000030028868473 0.000234093170674 
0.999999968723153 0.000000001992332 0.000000001289141 0.000000027302706 0.000000000692668 
0.039872009971662 0.002142626843540 0.005687407800570 0.952294726231297 0.000003229152931 
0.000056422734599 0.004383585049400 0.470796948585323 0.001367804492333 0.523395239138346 
0.024489246524489 0.017421274013099 0.942092159665235 0.014559593214744 0.001437726582433 
