0.000010081314549 0.000004730129903 0.000004822549189 0.000000561716877 0.000000032384436 0.916660694356403 0.000001601871552 0.000000083779466 0.000014156666809 0.083303235230816 
0.004824599039878 0.002945770553109 0.236986607427699 0.000369410654393 0.000118194185271 0.000862451495115 0.001387375219628 0.750885840929361 0.001197216921103 0.000422533574443 
0.085801680505178 0.056530289543011 0.011216933909030 0.154455895970216 0.012392712430300 0.006597815389244 0.000202168977824 0.573764247097844 0.001016584615480 0.098021671561873 
0.793003745763292 0.002218226372271 0.026924696344693 0.052828876528242 0.050464894955593 0.001339636013247 0.000501871054997 0.002664477411541 0.010221138166488 0.059832437389636 
0.044824143070181 0.001208979846677 0.012102837171235 0.000306519747108 0.001333753172255 0.896023734551421 0.002923281837408 0.028899575374276 0.000126710148282 0.012250465081157 
0.000000772386018 0.000053245493365 0.000002586198843 0.980275731119726 0.000002754784366 0.000005063050511 0.000010762944496 0.000066701548554 0.019198725380087 0.000383657094036 
0.236351424539699 0.015370341631511 0.000041455272024 0.000447409849348 0.000146860780038 0.000871702384479 0.000006196998509 0.015034683787612 0.730902289899537 0.000827634857242 
0.000014540622406 0.000023448963129 0.000014769825436 0.000926242683641 0.000007259538633 0.000009651624833 0.000002399970097 0.000169145666847 0.000215863718928 0.998616677386048 
0.610769356799935 0.000036833755071 0.000191545941283 0.000012372356656 0.000055660441164 0.387970537758138 0.000020906177346 0.000016440119889 0.000014843835810 0.000911502814708 
0.000347738868620 0.000011357085481 0.000230631643428 0.414331567757575 0.000102708185890 0.009036451296064 0.012011404117090 0.000669493743846 0.000530559346384 0.562728087955623 
0.999988726389371 0.000001630019999 0.000002962837086 0.000004825282510 0.000000238012826 0.000000216392646 0.000000027446388 0.000000244519378 0.000000603755650 0.000000525344146 
0.000001364334252 0.000000059646285 0.000000113213097 0.000053702877360 0.000081312241909 0.000000441669498 0.000000023337275 0.000030056429021 0.000016885083216 0.999816041168086 
0.000000000357050 0.000852160884288 0.000000000812289 0.000000002744752 0.000000009360237 0.000000048413593 0.187894392194092 0.000000000117468 0.000000307774576 0.811253077341656 
0.000479931739917 0.000064912738626 0.004998253774335 0.000036004858414 0.000000938318238 0.015102776578694 0.000054830898993 0.978791459745293 0.000000575782027 0.000470315565463 
0.002885484798735 0.000081169390027 0.989097515633968 0.003862068524044 0.000290715814050 0.000053873473073 0.000001525112543 0.002874195839140 0.000018196298713 0.000835255115708 
0.002875704982009 0.000645206960490 0.000358146146773 0.093054547672605 0.000333152763590 0.000417653079388 0.000009482150479 0.097618385853407 0.741352229138534 0.063335491252726 
0.891932155492797 0.003065381620653 0.003355151986282 0.056852492962762 0.018479833765927 0.000897645612736 0.000231540626323 0.005851231025543 0.005980218291089 0.013354348615890 
0.005426838921805 0.152691082813301 0.156623809738116 0.039135415087311 0.006716363174394 0.007965317573971 0.101482037639292 0.053343664316950 0.398974224179783 0.077641246555078 
0.000016049085353 0.000108462214685 0.000007501866532 0.996357951016170 0.000030614901286 0.000002462684119 0.000011356858795 0.003442357586617 0.000011275721343 0.000011968065098 
0.001451253379196 0.000003514800832 0.000003344819936 0.985981490880363 0.000012236739507 0.001356323299418 0.000003515363246 0.000018079936838 0.009655691966005 0.001514548814658 
0.000994593917889 0.000917327481448 0.001016737785187 0.096582662911673 0.000671943682447 0.000617929597540 0.003116187352448 0.895004952829474 0.000781538592414 0.000296125849480 
0.154389120187745 0.000261449840084 0.840995382947623 0.000128636609551 0.000016862486973 0.000227932708899 0.000134142336513 0.000699422118424 0.000005626859375 0.003141423904812 
0.010981242975075 0.006664811247223 0.008900092173283 0.421372665453640 0.113437001871383 0.000542643687565 0.000196058466303 0.066454508657455 0.011838270347073 0.359612705121001 
0.030862588137047 0.000023632904264 0.000241299762758 0.478657212865772 0.000153618151790 0.000203855210510 0.000274741316983 0.380674511875151 0.108789487821324 0.000119051954402 
0.000050018994384 0.005636749344450 0.000001804065666 0.000560036982074 0.000058651128781 0.000003809709048 0.000002324564759 0.000018357584640 0.000025690025943 0.993642557600255 
0.000241417034423 0.011037632742128 0.000321319473036 0.007711298509953 0.024775632070553 0.000892901141827 0.945175469553975 0.008015391191745 0.001416669355583 0.000412268926777 
0.078766329848773 0.178560167877735 0.005597754971245 0.000055890303208 0.000757927624088 0.000178816635541 0.733549895676241 0.002094267016513 0.000040982325908 0.000397967720749 
0.052135281614393 0.000329042587885 0.000265786455860 0.944713691721154 0.000001470521631 0.000197254976507 0.000013858062439 0.000415731321094 0.001913668173388 0.000014214565649 
0.000000004398017 0.000000000214393 0.000000000001346 0.999999925790654 0.000000000017778 0.000000000006555 0.000000000726262 0.000000000802435 0.000000067221677 0.000000000820883 
0.000266244699957 0.001782185698584 0.001238877257027 0.904290385382147 0.000472329016008 0.001237407582148 0.000267675602943 0.089377639333206 0.000156270082844 0.000910985345135 
0.568488949897512 0.010651192691595 0.000399169905547 0.319236394108276 0.060611332206864 0.000002481857209 0.000608657769365 0.000004384594533 0.039607237856218 0.000390199112881 
0.004306927807841 0.001137386224410 0.000122011478128 0.978939501444447 0.000024742567066 0.004217416953627 0.002074833364813 0.000370941780095 0.008490092066232 0.000316146313340 
0.000000006799806 0.000000074897020 0.000000000020476 0.999998271764651 0.000000533668099 0.000000000027809 0.000000000004286 0.000000000435567 0.000000865202954 0.000000247179331 
0.032150821465393 0.003965924532825 0.003052729173140 0.061265568785608 0.077349027280458 0.000507305446295 0.000092347005481 0.450117203637518 0.000181383446678 0.371317689226604 
0.821965577570999 0.000418318789738 0.008132989090079 0.000219557420854 0.000239586326535 0.011823729866533 0.000019011875243 0.156367423651843 0.000632583227375 0.000181222180803 
0.954447108059997 0.000159693684333 0.000161306697676 0.032379070064235 0.001212756937247 0.004406242248573 0.000021411057782 0.000021916450240 0.000071174706347 0.007119320093569 
0.000000000000005 0.000000011282421 0.000000000000055 0.000000000018675 0.999999988678974 0.000000000000012 0.000000000000000 0.000000000000749 0.000000000014696 0.000000000004414 
0.000000103736446 0.000022286056795 0.000003556149033 0.999887675424512 0.000003557963132 0.000000162471647 0.000001048623369 0.000005400422693 0.000070607631043 0.000005601521331 
0.072838615192292 0.002001378599878 0.021317029131612 0.002356355729257 0.475185969923460 0.000561820004567 0.000913215165974 0.341745477801404 0.082504780988785 0.000575357462771 
0.000000594100444 0.000000587643460 0.999974566195158 0.000000055964099 0.000000023301329 0.000000110224633 0.000023746024425 0.000000004083320 0.000000092530693 0.000000219932439 
0.894382876753039 0.005393869102941 0.000315995899187 0.014252950775790 0.000119799466959 0.005314733966829 0.000018785761883 0.000105788226895 0.009405211563250 0.070689988483228 
0.010061992742633 0.034480923559463 0.852732782729424 0.029281216366560 0.000020848489713 0.013803473050202 0.000689179327847 0.006042580953175 0.003596262928256 0.049290739852727 
0.985343076320695 0.000004568455397 0.000145476732589 0.000094148013949 0.000016400226740 0.000008278693452 0.000000583736942 0.002630804995677 0.000002118917109 0.011754543907450 
0.661408641514914 0.000008866650865 0.000014913937001 0.000032056762031 0.000002224867014 0.331769969542421 0.000000004427488 0.000000077945699 0.000000276224081 0.006762968128486 
0.779985474890572 0.000944835252727 0.085961136897353 0.005147583069251 0.000025804027298 0.000239238407715 0.000299678602854 0.083474007633843 0.000367642344840 0.043554598873548 
0.003292354150616 0.015325266264576 0.000028346346062 0.975853874247190 0.000022653585399 0.001094197104255 0.001854007210315 0.000068119133477 0.001273601681264 0.001187580276845 
0.000000000000000 0.000000000000099 0.000000000000001 0.999999992540533 0.000000000000060 0.000000000000004 0.000000000000006 0.000000000000003 0.000000007454112 0.000000000005182 
0.000000000000000 0.000000000000000 0.000000000000000 0.000000000000000 1.000000000000000 0.000000000000000 0.000000000000000 0.000000000000000 0.000000000000000 0.000000000000000 
0.002854107537648 0.006388210600606 0.000087078453524 0.002343363283234 0.000118575451201 0.000747306550872 0.000070141138539 0.001517232418566 0.009110833481939 0.976763151083871 
0.000007315856120 0.000000218502257 0.994853793219674 0.000000065910407 0.000000036718339 0.000001274662023 0.000000029035997 0.005060198869875 0.000017541351981 0.000059525873326 
0.087304813030803 0.171644519904553 0.009403722235620 0.214479806856696 0.000589155922302 0.001439067872760 0.018733916420720 0.127771765896473 0.010048281183976 0.358584950676097 
0.000000020513095 0.000000239289339 0.000000134333222 0.000000161732453 0.000000002111933 0.000000024671123 0.000000225081699 0.000001339787697 0.999997608234042 0.000000244245397 
0.817556629584309 0.002343323385625 0.000098260238210 0.179253350671849 0.000012614859582 0.000229995892718 0.000002248324902 0.000008466908526 0.000030292357441 0.000464817776839 
0.000004072474671 0.000000006762158 0.000000034002434 0.000312410129421 0.000009191396118 0.000000059771689 0.000000026247011 0.000107555483711 0.000000265693163 0.999566378039623 
0.001941575786364 0.001949708558804 0.010034527584735 0.848236852835866 0.012644494516876 0.001408745940003 0.000187214530901 0.015494574096997 0.000248150442038 0.107854155707417 
0.000934250505222 0.003768421939574 0.000095166844506 0.958928322490893 0.000032455230258 0.000305439465226 0.000003484106438 0.000824564533786 0.000262313829416 0.034845581054679 
0.009547062897826 0.000034493428796 0.004086846138142 0.000007773253761 0.000033229194310 0.974343155423269 0.000008201432517 0.000031602582319 0.000001860878776 0.011905774770285 
0.000358581158222 0.000089120823562 0.083519299609993 0.000179264616230 0.000108975492466 0.000713371995505 0.000047942530732 0.914866120524424 0.000034422589390 0.000082900659476 
0.024230159980182 0.002601926513487 0.030441236022405 0.001504661772966 0.014639277224057 0.000123089707198 0.000080292275142 0.915058627847345 0.003032302213266 0.008288426443952 
0.439434008749504 0.000090731340175 0.000018836054657 0.537429481997372 0.000012746705347 0.000059360726288 0.000004078351384 0.010665535430435 0.000000361317876 0.012284859326962 
0.001417657701135 0.000122157388431 0.000011550171466 0.947195017084639 0.002447749432574 0.001692390460938 0.000052121122164 0.000130125618809 0.044791348343405 0.002139882676438 
0.008619546786420 0.001568739618696 0.001369714749767 0.000580580105329 0.000912673117521 0.019063061435957 0.001257144031168 0.797787687520493 0.000280728436891 0.168560124197757 
0.967001374170443 0.001832717643811 0.000005784171849 0.000005880461208 0.000004678114740 0.000013497779568 0.000072546315727 0.000489456306013 0.030332505204269 0.000241559832372 
0.279619317917272 0.002715100852857 0.402678750636997 0.015556663990031 0.001306653252629 0.031950987858564 0.000331790709883 0.024035456618636 0.018979745784620 0.222825532378510 
0.000002135014276 0.005597488720769 0.000037325746134 0.685280370444453 0.000184315936879 0.000008433681016 0.000008469346351 0.000254184742018 0.000593926950844 0.308033349417259 
0.000000405312815 0.000082748333370 0.000000059256718 0.999693362575074 0.000001753885958 0.000008805212481 0.000027915605616 0.000000374547695 0.000113240499760 0.000071334770512 
0.045797354695842 0.059585206592077 0.000697734467061 0.014324628544940 0.000788071333653 0.130045362476895 0.000116366955868 0.644666630806610 0.079249676578399 0.024728967548654 
0.001319018335828 0.000431733739264 0.000983901759273 0.938266266518776 0.000017824948087 0.000056624913371 0.001000054776449 0.000237535967457 0.002218068506251 0.055468970535244 
0.000000424912755 0.000000013814018 0.000000071653634 0.999948029615507 0.000000369648985 0.000000929627404 0.000000218285506 0.000000222145787 0.000030501888088 0.000019218408317 
0.002302150861782 0.002040122475869 0.003200547353811 0.932334674692210 0.003690942491703 0.000016891442322 0.000031252117136 0.000075961537164 0.055827793860968 0.000479663167035 
0.145470101075477 0.005089082579865 0.002405511528261 0.010214421299211 0.003077730807394 0.000260766625873 0.000300520464630 0.004124380285182 0.000811184766416 0.828246300567689 
0.000000000029575 0.000000676450528 0.000000000004126 0.000003156532251 0.000000000052647 0.000000000348614 0.000001014701049 0.000000000040400 0.000001673745678 0.999993478095132 
0.000997658605533 0.000169742254947 0.000003658309440 0.000010245833541 0.000004944921741 0.998651491256931 0.000000948874379 0.000007199280851 0.000013203093249 0.000140907569388 
0.008915364832762 0.080544205790017 0.000567407336846 0.100284001318087 0.000102126419522 0.000022159171033 0.005039042953891 0.000210969052675 0.000059891312004 0.804254831813163 
0.000000078982455 0.000000000502255 0.000000009136028 0.000000000007640 0.000000000035052 0.999999907682988 0.000000000002201 0.000000000003822 0.000000000008788 0.000000003638770 
0.000000052076787 0.000001540464537 0.000000424736636 0.996898280777294 0.000005163889210 0.000000687683909 0.000004564249139 0.000000199874426 0.002119708839637 0.000969377408425 
0.000700692672429 0.001323045794725 0.000413202743895 0.010026715681396 0.000003551778194 0.000095118965617 0.000074931051533 0.000415112006012 0.986085533526507 0.000862095779690 
0.000000904987011 0.001358566409979 0.000001546578872 0.996630444228964 0.000127591979513 0.000012779665980 0.001293071031204 0.000467521488536 0.000093452315585 0.000014121314356 
0.000003916791986 0.000000233625225 0.000000035904342 0.996339107422811 0.000009789525112 0.002061404752187 0.000044504973542 0.000047274543013 0.000006796399237 0.001486936062546 
0.948033009962409 0.001189368295769 0.004038128420107 0.006392007119543 0.000177937897909 0.012528666294790 0.000058903151859 0.002792248882669 0.000099457916134 0.024690272058811 
0.942989939972899 0.000019860064244 0.000216357881077 0.000006242126399 0.000040404893079 0.045967545481249 0.000002661476099 0.000005376410152 0.000005267579154 0.010746344115647 
0.989827929399634 0.000000189726143 0.000000089685731 0.000312747575875 0.000000052811643 0.000001243731827 0.000000204817979 0.000001524911535 0.009848420818490 0.000007596521144 
0.002135447819728 0.000464202860157 0.007519249829835 0.256771446582879 0.002492450532992 0.094875582591120 0.056710329729280 0.577706743836249 0.000117028986889 0.001207517230870 
0.000007202335224 0.001029712905805 0.000320997171043 0.883790489005422 0.000008902172162 0.000023650997938 0.000038164864320 0.000093179273549 0.000484419811621 0.114203281462917 
0.993217235375560 0.001138030807395 0.000217912081559 0.000309265052978 0.001887492836424 0.000006910311289 0.000012408536781 0.000700871587728 0.000034702602559 0.002475170807726 
0.000000000028746 0.000000000000185 0.000000000000000 0.000000000000093 0.000000000050543 0.000000000000005 0.000000000000011 0.000000000000062 0.999999999920353 0.000000000000001 
0.078371090569393 0.000004678419764 0.000000342744638 0.863466513281710 0.000032390669263 0.002202064031383 0.000002157586845 0.000901437215376 0.054972613046990 0.000046712434639 
0.072372891535677 0.000347125741574 0.317123663338192 0.000106528982253 0.000172482724211 0.003117069204990 0.000182085632007 0.594601719829381 0.011235650495407 0.000740782516307 
0.001948218388991 0.021410218504581 0.035973958736736 0.912269369971914 0.001923305476789 0.004622322610324 0.004932452398449 0.010464918921439 0.004647968806100 0.001807266184677 
0.059175139129168 0.000539669430046 0.000088728113148 0.009796366058430 0.000060018136139 0.831882750944627 0.000015031632072 0.000357050341887 0.000038780470626 0.098046465743857 
0.152682700032601 0.699322431994288 0.000174902240297 0.098187794166598 0.000023028606200 0.004361569248470 0.018508644847249 0.007173250591948 0.015956637900699 0.003609040371650 
0.915346238472967 0.000140355385694 0.000106646291894 0.030654896238743 0.000021834857821 0.039205709880349 0.002101391609399 0.000395478994832 0.002756623045614 0.009270825222689 
0.000002711096006 0.000000101243678 0.000000138288248 0.000391695590479 0.000000350597998 0.000000036095574 0.000000021117462 0.999604503480844 0.000000146767582 0.000000295722130 
0.003559464446230 0.004355350534079 0.000181796762959 0.055234850134982 0.000013889864147 0.000240211401707 0.000374525306988 0.000382653307190 0.002994107220346 0.932663151021372 
0.000000000011651 0.999997247164496 0.000000000038679 0.000000000275131 0.000000010532303 0.000000001590698 0.000000210585782 0.000000000071856 0.000000003348502 0.000002526380902 
0.000002273692127 0.012278622215150 0.000002813122279 0.000181017732837 0.000022401456923 0.000002424208303 0.000018602109680 0.000022820539779 0.000005342346618 0.987463682576303 
0.008983064631358 0.010321665132367 0.005630566715731 0.134889523244532 0.002256622208103 0.000171805217045 0.000039353754216 0.011324653751395 0.000645930153265 0.825736815191988 
0.014764719179401 0.005551729471331 0.002195723260005 0.107496844717524 0.001714500004717 0.000828077521211 0.007776151077592 0.005918088425606 0.665328893890694 0.188425272451918 
0.000052262775325 0.000004653214936 0.993061986732128 0.000000051455824 0.000000654383548 0.002783037858105 0.004075661585540 0.000000062857084 0.000019167446874 0.000002461690637 
0.000000019946508 0.000001409674449 0.000000001255601 0.000000054079440 0.000000184919449 0.000000007234086 0.000000008473504 0.000000006354188 0.999998232402213 0.000000075660564 
0.176212866384998 0.002701488000005 0.000612444307222 0.499747380785575 0.000204500007325 0.003065414302377 0.006023429203767 0.054695023778418 0.248693877456414 0.008043575773901 
0.000000067267042 0.000000659749622 0.000000071129375 0.311288409605863 0.000381432965955 0.000036232594835 0.000000146464108 0.000041041351167 0.000024168644797 0.688227770227235 
0.000012664816472 0.000002246150343 0.992634493690753 0.000000501916149 0.000001596267023 0.000033826407769 0.000222026732742 0.000422288104162 0.000027562875932 0.006642793038656 
0.339416152125780 0.000027340584798 0.000002831742427 0.004902214010290 0.000023736696375 0.000027382174086 0.000011942604552 0.000255604728230 0.000010648533902 0.655322146799560 
0.000395013460017 0.000397674503515 0.000000927186859 0.000226742687729 0.000009780785916 0.000621614882065 0.000067468433748 0.011919843845376 0.059554660894699 0.926806273320076 
0.112000855173828 0.000131966986064 0.000559582956487 0.000062502826876 0.000004208565216 0.677409867326079 0.000091553342973 0.001406263949754 0.000000460188903 0.208332738683819 
0.999988226494128 0.000000089611984 0.000000004382959 0.000000006935714 0.000000000225680 0.000010673443968 0.000000001270835 0.000000000003456 0.000000026225706 0.000000971405569 
0.243686289119974 0.000000024388026 0.756257326886778 0.000000000078503 0.000000000417318 0.000000015937618 0.000056335054369 0.000000005779645 0.000000001565605 0.000000000772164 
0.000000002088704 0.000000000702137 0.000000002363453 0.998648720287604 0.000004345215542 0.000000609612582 0.000000690498392 0.000043074378951 0.000003621947137 0.001298932905498 
0.000949276441191 0.000061410575120 0.016898870317303 0.001322551432780 0.000050289286056 0.000155215124325 0.000008400002921 0.071942470195638 0.000037119485729 0.908574397138938 
0.999978801488757 0.000000674725295 0.000001477875169 0.000003573620971 0.000000367809315 0.000000190654833 0.000000055228805 0.000000028500871 0.000014791302798 0.000000038793187 
0.470976531352648 0.000133357506997 0.000204268140399 0.317094001778526 0.203744807166793 0.000001896335888 0.000036639743692 0.000021244404530 0.007381067423605 0.000406186146921 
0.825847378924107 0.000044205325319 0.000058771983141 0.083086313170228 0.000186622015572 0.000253601785753 0.000013957475797 0.081315771178035 0.005748908353215 0.003444469788834 
0.000193955791743 0.000003698067018 0.001715792334407 0.543073666510424 0.000028307315104 0.000775611891676 0.000002123000154 0.001647081570192 0.000011246874361 0.452548516644921 
0.004503411697279 0.000837478459572 0.000007494208659 0.956131316976991 0.000111575394188 0.000736920151309 0.018477897063493 0.000282461015675 0.000017428913865 0.018894016118968 
0.018725024791766 0.004077050675623 0.000473123347938 0.000401692203485 0.000420631070495 0.807013868515267 0.000098383797641 0.010840518786453 0.142659525876746 0.015290180934586 
0.000000170800041 0.000000001584697 0.000000000105127 0.999997684827302 0.000000000135939 0.000000000217840 0.000000000072671 0.000000007969315 0.000002134128236 0.000000000158832 
0.000071513386316 0.000001326474477 0.000000211932946 0.000029580479084 0.000000261849506 0.000000764146812 0.000000301364330 0.000058720250680 0.000053201396892 0.999784118718957 
0.000000501205179 0.000000093801942 0.000000042152144 0.914891060352054 0.000002243619203 0.000007896481476 0.000005799335125 0.000004047098795 0.000008060021931 0.085080255932152 
0.220744557644216 0.002005565739400 0.093259523803219 0.011230004677256 0.000041711274511 0.000061556254512 0.056474893990468 0.595401629412657 0.001583323605155 0.019197233598607 
0.000000000000016 0.000000000000000 0.000000000000011 0.000000000001610 0.000000000001448 0.000000000000000 0.000000000000001 0.999999999996790 0.000000000000107 0.000000000000018 
0.000300981631968 0.000027958974506 0.000127158995883 0.990929072914791 0.000090139479196 0.000440282796390 0.000946287315890 0.000079306353048 0.000022156219331 0.007036655318997 
0.000033113596500 0.023729492634357 0.000537750107703 0.806124896912577 0.000422611775174 0.000418729014992 0.000969833074392 0.152850250844403 0.014271844630326 0.000641477409575 
0.000545452942041 0.000131233284322 0.011983866140178 0.954761199978754 0.003842408013202 0.000088056313488 0.001050381316520 0.023083573411285 0.001081426774572 0.003432401825637 
0.311089674028648 0.002409528804412 0.251371320764745 0.005061992657180 0.000259793345644 0.001241476269673 0.247849377173195 0.075527831052731 0.105127217451503 0.000061788452270 
0.009947702832746 0.004241310295390 0.001941336500056 0.176762611325230 0.697859402531512 0.000029621869779 0.001653075766324 0.001253798387084 0.105006017016517 0.001305123475363 
0.000002338955150 0.000001441971555 0.000000010205131 0.000007434157906 0.000000042472236 0.000000419687586 0.000000053682689 0.000001378128353 0.000002125919496 0.999984754819898 
0.053948754575436 0.000039244051776 0.000014788500502 0.001434354047346 0.000015745425610 0.000024360424910 0.000033491774978 0.000180574581372 0.001649685405903 0.942659001212168 
0.000000291337312 0.000000314266624 0.000000309603283 0.999935910333430 0.000000711369329 0.000000102628097 0.000001125844551 0.000056869914975 0.000001883085145 0.000002481617254 
0.000436243617669 0.017982994555826 0.000063850974419 0.005125287210067 0.000033898536536 0.000091406980024 0.000821361100980 0.000040878401522 0.000073406452716 0.975330672170239 
0.011454121130278 0.029322894386505 0.018836351424714 0.036940983153222 0.090891054798585 0.015020584934482 0.012075439414181 0.731766584359825 0.001094854622139 0.052597131776071 
0.014877600166300 0.000806466223413 0.000000244395373 0.000005425293592 0.000001167263378 0.000067202336498 0.978985407840666 0.000000931193685 0.005120728618624 0.000134826668471 
0.009415107071137 0.049005646905670 0.000361459793252 0.023170166731902 0.000042343325841 0.000023856359164 0.875167708145132 0.000717943455690 0.000010172630336 0.042085595581875 
0.109287394286814 0.010028149186824 0.031627501957915 0.104438779456666 0.004092152262563 0.003064121965970 0.001924605587645 0.016217451900703 0.001153615654070 0.718166227740829 
0.775113281935977 0.002833861272416 0.002242479534950 0.184251042460345 0.000163839037614 0.003109926799922 0.000056635413394 0.000173144147117 0.011938508559664 0.020117280838601 
0.000000496561727 0.000000741817903 0.999917966287449 0.000000013419298 0.000000038854496 0.000000001481202 0.000000057620811 0.000080569367455 0.000000000291576 0.000000114298083 
0.025204959146906 0.000288809137391 0.049685878936269 0.000090429997733 0.000014499672249 0.918783733603488 0.000010464473517 0.004643418156556 0.000131763156983 0.001146043718909 
0.178969079053815 0.287296001448957 0.001722786517429 0.180175801310706 0.002713320192303 0.002251356780884 0.000060008626518 0.008079847900844 0.246455893934921 0.092275904233623 
0.001046457875506 0.000176122414172 0.044110065954897 0.000099155892994 0.000035870071625 0.000328796917565 0.000039170475552 0.954061380335201 0.000025578784779 0.000077401277710 
0.078894276255753 0.000161143288509 0.001863679353727 0.000067770971881 0.000264299772254 0.038862068844268 0.000081903683049 0.877720917012190 0.000013069012367 0.002070871806002 
0.001884009952530 0.002447072614185 0.000244481034594 0.007391594371139 0.000340937009648 0.006114991987278 0.013936028411204 0.191556433822951 0.172773667706366 0.603310783090104 
0.000010399356110 0.000400684723256 0.000041507489954 0.996081033082157 0.001964108814230 0.000003329006436 0.000001381118795 0.001271705118281 0.000137089622636 0.000088761668145 
0.000040783958639 0.000003591503200 0.943555847136970 0.000000081737763 0.000003164043612 0.000013703398030 0.000000215956309 0.056367658011427 0.000000574980492 0.000014379273558 
0.004077030588142 0.000376089898061 0.980780738490656 0.000004421080863 0.000039167377959 0.004203463912376 0.007775664544850 0.002490712779697 0.000116727738931 0.000135983588465 
0.000187711378652 0.049273690840515 0.002192604889494 0.053214998550469 0.000060772389346 0.034104191146326 0.105592810255635 0.009207978019004 0.000258722371802 0.745906520158756 
0.999291844499898 0.000000073179434 0.000000040555339 0.000000368707052 0.000000020379662 0.000000002097524 0.000000003073778 0.000000065109302 0.000000001368996 0.000707581029016 
0.001088366231241 0.000510583240118 0.000013974314701 0.008672487871758 0.087722261261258 0.000004875638062 0.000000964062628 0.003763937817978 0.898157732363544 0.000064817198712 
0.903344522545645 0.066339401495951 0.001247599134115 0.002437535094941 0.000099131702141 0.001483243155639 0.020587086529065 0.000329204550198 0.000062975722230 0.004069300070075 
0.233775021758112 0.000418465515534 0.212529161044536 0.304578607759120 0.006306218483173 0.003189643666910 0.005167227136440 0.200932535490971 0.000135718716972 0.032967400428234 
0.000000000000516 0.000025625422674 0.000000000001531 0.000000000102928 0.999974374296847 0.000000000003162 0.000000000000060 0.000000000009131 0.000000000000848 0.000000000162301 
0.000000000000000 0.000000000000000 0.000000000000000 0.000000000000012 0.999999999999939 0.000000000000000 0.000000000000000 0.000000000000000 0.000000000000049 0.000000000000000 
0.000001890528175 0.000001311978427 0.000000019528433 0.999875697549188 0.000000743293901 0.000000921968932 0.000026170327945 0.000000188557222 0.000015814816405 0.000077241451371 
0.995602863591004 0.000040191829380 0.003296424666489 0.000014486015354 0.000056640412133 0.000010168286659 0.000131575315054 0.000694792837588 0.000023938636071 0.000128918410268 
0.990973792849527 0.000003000483276 0.002681477876061 0.000000599873408 0.000002036542196 0.005858233389817 0.000000205996390 0.000090941129428 0.000015484559526 0.000374227300370 
0.000798859719736 0.000010676182871 0.000014824561419 0.998905402104860 0.000008045680476 0.000002603861044 0.000019802641949 0.000053395547405 0.000005235725183 0.000181153975058 
0.000458353669776 0.000758673937984 0.001476205304783 0.000749495333123 0.000572477303940 0.000030141142257 0.000481025888484 0.007676746402486 0.003167003307396 0.984629877709772 
0.000000000000000 0.000000000000307 0.000000000000000 0.000000000000000 0.999999999999692 0.000000000000000 0.000000000000000 0.000000000000001 0.000000000000000 0.000000000000000 
0.074981947042386 0.010390348832955 0.913896547458896 0.000045630787695 0.000205467867143 0.000004963855004 0.000277065144557 0.000107532449458 0.000041577229825 0.000048919332081 
0.000000440016584 0.000005054137116 0.000000425839459 0.988770112108681 0.000005790491286 0.000004980036094 0.000016058320698 0.010944662120418 0.000053072087919 0.000199404841745 
0.004523435573424 0.001472629808363 0.009066957739533 0.002911469066783 0.000608730150404 0.001302114898702 0.001157485277579 0.634095635528508 0.175756548048996 0.169104993907708 
0.006573713759779 0.002544079596797 0.029752344423482 0.086709108248454 0.001474647433431 0.008476129621335 0.003584643163224 0.167733923138327 0.533206582252192 0.159944828362979 
0.189011677795009 0.005643676983006 0.003964504189273 0.535622060002092 0.000007219849295 0.000071595632923 0.002067484809121 0.006424390743856 0.227720454607724 0.029466935387702 
0.058573313160755 0.802088688599144 0.001358062682523 0.002385119400144 0.001825199299068 0.013638232829136 0.082531429633037 0.000833208961644 0.000521247233165 0.036245498201384 
0.000178556893727 0.000000355715609 0.000001081118640 0.859397020017567 0.000013479988910 0.000063987278029 0.139627896750403 0.000005928529956 0.000019541223949 0.000692152483209 
0.112062097982573 0.064999083118020 0.080149541933156 0.430518012519094 0.081449090116664 0.029607572725170 0.002050326736112 0.094137282024123 0.002313841577756 0.102713151267333 
0.000000136590499 0.000000025041949 0.000003025169473 0.000000180249390 0.000000013163428 0.000000020015408 0.000000017469603 0.999996555958105 0.000000008033517 0.000000018308627 
0.031082730975689 0.004669016224248 0.258809531324824 0.024969183159218 0.065176722666468 0.008667415858856 0.000863287408525 0.588962427250002 0.001476556061803 0.015323129070368 
0.017094920574930 0.000037342670572 0.000152921796382 0.782818898162287 0.000353614259278 0.000335364049252 0.000124593527150 0.193313143062006 0.003718221181779 0.002050980716365 
0.512981922144053 0.000158771471798 0.000222050733279 0.030362873787031 0.000183845528142 0.000232578053821 0.000010467192942 0.000309118866466 0.454274029455876 0.001264342766592 
0.000000043888433 0.000000005514609 0.000000004400820 0.999934970921771 0.000000317777295 0.000022987383611 0.000001312033898 0.000000289994166 0.000025525438082 0.000014542647316 
0.000026619338760 0.000156331378072 0.000000012395497 0.298811426466520 0.000007876061527 0.000000224751029 0.000015941391612 0.000002253417545 0.000003984883084 0.700975329916355 
0.003403319630541 0.026214857159842 0.545534646864398 0.000034805714957 0.001634188445015 0.000802997496451 0.167770389802716 0.102671679274386 0.141631174682457 0.010301940929237 
0.000002712608034 0.000000060609184 0.000001832886683 0.000008788913929 0.000000144404216 0.000000051171177 0.000000595890202 0.999970588917854 0.000000159041699 0.000015065557022 
0.000496249738766 0.000000927371819 0.000000025377034 0.005892109168006 0.000000129054473 0.000017575226155 0.000003529616785 0.000009879103567 0.000000127325218 0.993579448018177 
0.809722783888101 0.000002843276903 0.000070038929695 0.102278751838939 0.000018435298544 0.000001806890164 0.000000780420210 0.070243090462780 0.000000060521732 0.017661408472934 
0.000000189549959 0.000000787869623 0.000000097523427 0.999676838535870 0.000023843206745 0.000007859196260 0.000001282725799 0.000006281283536 0.000097716198559 0.000185103910222 
0.999997260144566 0.000000113066834 0.000000143437600 0.000000061128860 0.000000001043785 0.000000019613990 0.000000024434427 0.000000021115199 0.000000029787329 0.000002326227410 
0.491519165568562 0.016429211392293 0.000871552593897 0.475169191318495 0.000925316843010 0.000023550009217 0.000279216149662 0.012463955674783 0.000247263906063 0.002071576544017 
0.128110929769875 0.000208561050475 0.000868964094660 0.145257281811969 0.000071251922869 0.000315232923865 0.002554694960860 0.001442061269819 0.008887151015193 0.712283871180415 
0.382868915768681 0.000000626678238 0.616471858351000 0.000158111100414 0.000008840858197 0.000000036348874 0.000000044464149 0.000017452500842 0.000004529574262 0.000469584355343 
0.046131597332424 0.823956818439541 0.018010557680036 0.000214831371699 0.000091681755665 0.009833511800633 0.001375989520725 0.000083160577109 0.000059765191092 0.100242086331075 
0.017505508300470 0.005067079374852 0.001618049791146 0.018428356481242 0.000317001615606 0.000173059743046 0.001718894912197 0.044606143288262 0.289956697083604 0.620609209409575 
0.000012377609640 0.000070952324547 0.000000047301615 0.108165654207893 0.000000125653038 0.000003630749738 0.000000722461727 0.000006750179967 0.891703686400495 0.000036053111340 
0.000208903207537 0.000128356432491 0.022778013348446 0.001387738916484 0.000021924857150 0.000788032255864 0.000046539016387 0.862940500610846 0.098621150219622 0.013078841135173 
0.000000062942319 0.000000033557109 0.000000000199466 0.999842905884921 0.000000272467334 0.000000074292405 0.000117475928822 0.000001678061824 0.000037172284806 0.000000324380993 
0.000009285763333 0.000031091746648 0.000014585274194 0.998982363037230 0.000337876148189 0.000012636031842 0.000013837363076 0.000574420899995 0.000014659849097 0.000009243886396 
0.132233042627865 0.002020178432478 0.002836797685410 0.159470003773353 0.050526393353808 0.003854093539371 0.000905575922186 0.106161958712296 0.541425697208789 0.000566258744444 
0.024289318869173 0.019248183660935 0.000039785876201 0.000690455814343 0.000164894352341 0.000026064441218 0.000005046787892 0.000004416298845 0.000001317297092 0.955530516601957 
0.014727980510234 0.013953175553649 0.012089945063037 0.305374875113317 0.001153060971479 0.004785450269162 0.037479350224088 0.585953315848573 0.018139032727144 0.006343813719318 
0.000000266690335 0.000003038597054 0.000000024637956 0.976678602837249 0.000000090769034 0.000000991261320 0.000000060600200 0.000000244676809 0.023316415364718 0.000000264565324 
0.999999999984314 0.000000000000575 0.000000000000316 0.000000000000068 0.000000000000119 0.000000000003107 0.000000000002900 0.000000000000001 0.000000000008359 0.000000000000242 
0.000208981805941 0.000074582596959 0.002920681315477 0.358870613799301 0.000152944818856 0.000491679555955 0.000709391241039 0.015288362472744 0.000394014296930 0.620888748096799 
0.000000983810947 0.000002562692523 0.000000042539955 0.996025832638435 0.000003199320593 0.000000581117952 0.000012044118778 0.000002979449264 0.000274274237492 0.003677500074060 
0.000000000000007 0.999999959419229 0.000000000000020 0.000000000000061 0.000000040381259 0.000000000000095 0.000000000003249 0.000000000000022 0.000000000193390 0.000000000002668 
0.000285007566412 0.365070851976399 0.575564587147003 0.000001617621287 0.000002815660102 0.003686109072200 0.055221449171084 0.000019789801490 0.000109480530384 0.000038291453640 
0.000942137352749 0.000648052086588 0.000007816493666 0.935677433429187 0.000243801915450 0.000115197272718 0.049316109613346 0.012612404258841 0.000003862930428 0.000433184647028 
0.000000000000127 0.000000000710410 0.000000000000083 0.000000068022501 0.999992715605031 0.000000000006907 0.000000000000007 0.000000000002355 0.000007215368561 0.000000000284018 
0.055835044969269 0.007510554652884 0.006472178231865 0.871304678070960 0.001449069633302 0.001701485542985 0.000144231117741 0.002458279508064 0.025265042433848 0.027859435839082 
0.000000000155558 0.000000005037552 0.000000000066016 0.000005593554372 0.000000000017722 0.000000000342255 0.000000022906030 0.000000003865713 0.000000002198841 0.999994371855942 
0.026292932249456 0.967088650744579 0.000943490641922 0.000001353339777 0.000597830606014 0.000195504900633 0.001135238961234 0.000000061113374 0.000057026464313 0.003687910978697 
0.000000379474566 0.000139129798020 0.000000827730464 0.990972730833074 0.000001024548775 0.000010438305868 0.000009030450867 0.000054784756879 0.004641358098867 0.004170296002620 
0.000001036512415 0.000000042287304 0.000000006179312 0.999921076146316 0.000000076873169 0.000001905359360 0.000001081407714 0.000000093335162 0.000029722419638 0.000044959479609 
0.000000001291192 0.000000000342069 0.000000000358053 0.000000000000201 0.000000000002513 0.999999997075164 0.000000000010585 0.000000000000028 0.000000000000437 0.000000000919758 
0.004369314490567 0.000333557548149 0.000861125632690 0.000058277810305 0.000160820913704 0.978524798262812 0.000004448697731 0.006439662485476 0.000289106001667 0.008958888156899 
0.000007491551089 0.000073665668582 0.000121525833806 0.006225916031075 0.000002363978167 0.000015603197545 0.000024713900635 0.000349987298594 0.990837539642113 0.002341192898393 
0.106755796404438 0.000522810585101 0.011508684790287 0.000410862754671 0.002242752597214 0.229021056590793 0.003977477997626 0.637882405848976 0.000204676202106 0.007473476228789 
0.000033541569667 0.000136155628017 0.000004434059611 0.395009682069928 0.000237106297953 0.000006477246875 0.000004948257801 0.604541473819367 0.000003842240097 0.000022338810684 
0.685502786076257 0.024697019375411 0.007974608553711 0.000080758873311 0.000533225196412 0.001812120240466 0.000018627851296 0.006884362692700 0.272343071357718 0.000153419782718 
0.048398430915612 0.000285189158197 0.000571516110724 0.018733032213655 0.003707646816452 0.020122395405778 0.000548974873707 0.065831430673813 0.315108616632844 0.526692767199218 
0.000590796241770 0.000679575398642 0.000012436095723 0.945844245737061 0.000122589722367 0.000132771975828 0.000451413237498 0.032251608255892 0.006530724655433 0.013383838679787 
0.000577080957574 0.000002862978637 0.001953118420901 0.001204286512101 0.000007836580390 0.000002099926963 0.000000617116513 0.996209209711526 0.000000056417413 0.000042831377983 
0.052749294113000 0.116585905848170 0.001527478582246 0.035818495372741 0.005418279829912 0.024567253325558 0.000836531075781 0.668307495698533 0.008620666402159 0.085568599751900 
0.000082208311702 0.000011722105434 0.956863868887668 0.000003564473698 0.000009204536060 0.013046516112507 0.000002523398017 0.029261162756296 0.000002200327939 0.000717029090679 
0.000000000008224 0.000000188643532 0.000000000015698 0.000016413331200 0.000000001926682 0.000000000209630 0.000000003623930 0.000000001052827 0.000000066341070 0.999983324847206 
0.000268433907871 0.002837528570016 0.208092657963085 0.000015921155039 0.012196432018741 0.000006132108963 0.000003258212495 0.776109370396818 0.000002388531473 0.000467877135500 
0.007648666711764 0.000114167495126 0.251187920587594 0.000726927411259 0.000332412486045 0.008897686922448 0.000799444111557 0.729537919404954 0.000047433400175 0.000707421469078 
0.000870416403089 0.016267421753759 0.000644691379818 0.023578527411150 0.000160308762521 0.059231674580939 0.000238021670342 0.048217230787998 0.793208761542421 0.057582945707964 
0.033567595685198 0.000247249875379 0.962814905783200 0.000451787739417 0.000127542987734 0.000292854373436 0.000000184448768 0.000018043697710 0.000000176070018 0.002479659339140 
0.000617066371063 0.271749669481659 0.000026103426487 0.511619563977015 0.000773260962566 0.001850260259010 0.025471528774391 0.166605927734952 0.000885468239014 0.020401150773845 
0.000000001176314 0.000000299284731 0.000000027155929 0.000000000103061 0.000000000338624 0.000000001345890 0.999999562059774 0.000000000053853 0.000000002547915 0.000000105933909 
