0.086644065507076 0.008195609022018 0.863486726501193 0.031556281811934 0.010117317157779 
0.994947355752338 0.001455529609194 0.000749941426852 0.001749184758256 0.001097988453361 
0.011029191760405 0.000910481730011 0.657634005609790 0.000737726996766 0.329688593903028 
0.001746960192658 0.004152277773584 0.002238393105400 0.001640285389653 0.990222083538705 
0.000000101188174 0.008293493889650 0.000001360261033 0.000044021168376 0.991661023492767 
0.026351350514453 0.038116243375571 0.861447855522801 0.016557025720805 0.057527524866371 
0.953602509673186 0.000144472937616 0.039275736175696 0.005317705578543 0.001659575634959 
0.003469011245457 0.024123455143746 0.155813473581637 0.001405368589529 0.815188691439630 
0.000034725869524 0.769022055341451 0.000410093395896 0.009807669186139 0.220725456206990 
0.019520820499003 0.109769159841499 0.215512651151898 0.228933052548318 0.426264315959282 
0.000092158402928 0.219990329479188 0.008602781562574 0.000195050571790 0.771119679983519 
0.000502292420342 0.023169324449401 0.975967397600069 0.000135473284801 0.000225512245388 
0.444165478711048 0.001394153181774 0.096395275665526 0.010155304631865 0.447889787809786 
0.008254093958969 0.904329074585863 0.004948197232112 0.001533071615496 0.080935562607560 
0.000764018058180 0.000294984680726 0.997815257316387 0.000124937476635 0.001000802468072 
0.878416824864391 0.024531260047479 0.096636954957799 0.000267012774959 0.000147947355373 
0.039927350751552 0.546765261097985 0.248163938858251 0.106361808686348 0.058781640605863 
0.845549300727625 0.082299618829201 0.059666843221771 0.000079152134613 0.012405085086790 
0.000000968525631 0.997641894810708 0.002354490578211 0.000000137749242 0.000002508336208 
0.000388712555846 0.030631070220481 0.003197943223509 0.008637307138965 0.957144966861199 
0.000000881835547 0.995728893756744 0.004269834319823 0.000000039126719 0.000000350961168 
0.000000000076873 0.000000000032210 0.999999999772593 0.000000000007616 0.000000000110706 
0.005674848736558 0.000605020406760 0.993360767423244 0.000099166394090 0.000260197039348 
0.870134456404140 0.010541477855710 0.093820909532832 0.013596164722853 0.011906991484466 
0.682390003995767 0.034262735937011 0.205984587445300 0.023384521935651 0.053978150686271 
0.376208874936912 0.273511729499718 0.048636073448280 0.064841284540353 0.236802037574737 
0.018815556112907 0.381531715327488 0.276763674253939 0.072164741410193 0.250724312895473 
0.237353627930343 0.000271503874235 0.145586604581641 0.074525260127458 0.542263003486324 
0.472740374209765 0.000127004386476 0.084629537276550 0.215980115604836 0.226522968522372 
0.005386667145516 0.968880085365502 0.021493936096310 0.000497649558888 0.003741661833783 
0.805491943947114 0.000530992809778 0.001129034904808 0.000525614723877 0.192322413614423 
0.012218000709920 0.000812215428748 0.049041375135408 0.013717471774641 0.924210936951282 
0.000970964169797 0.000034463664540 0.997059341565362 0.000571717831046 0.001363512769255 
0.000011929126405 0.000028013205015 0.999922451736771 0.000000323470618 0.000037282461190 
0.017607533876921 0.010921822714561 0.000731790412047 0.001162844166236 0.969576008830234 
0.667622093241962 0.007640341375002 0.024465287710850 0.019253277091649 0.281019000580536 
0.442107384486613 0.000680949455829 0.553888168189775 0.000361032536427 0.002962465331356 
0.218153440028498 0.698153273740558 0.059572774650647 0.019277636018997 0.004842875561300 
0.920406658406201 0.061819916894428 0.014627079812192 0.002449675562670 0.000696669324510 
0.999038775081277 0.000001729649645 0.000007874021089 0.000052732864225 0.000898888383764 
0.560355945800937 0.000352481267252 0.077446873596258 0.001924550048370 0.359920149287182 
0.539155890584301 0.059707267756606 0.075945103047236 0.167757041471460 0.157434697140397 
0.000000142999754 0.000001557418480 0.999997071869236 0.000001074867749 0.000000152844782 
0.000070940218855 0.000759362704208 0.216602148868808 0.000006250225446 0.782561297982683 
0.002624361856041 0.006947464438579 0.060207309428907 0.000732987789146 0.929487876487327 
0.088274126190461 0.004009289497876 0.267643010734218 0.113645851026380 0.526427722551066 
0.079688515355114 0.004408460241848 0.240140814167290 0.248970764265463 0.426791445970285 
0.986877965113583 0.000481180119361 0.000361836216391 0.001602322901072 0.010676695649593 
0.000276501429382 0.404657371002281 0.590406162767395 0.003575473845374 0.001084490955567 
0.990805569630620 0.000000912126674 0.009191400502603 0.000001673929067 0.000000443811036 
0.002197225780260 0.055418061232603 0.919146530878874 0.001086297967745 0.022151884140518 
0.992035546257849 0.001979707169474 0.001989065518127 0.002773069805415 0.001222611249135 
0.939404164890658 0.000115840134084 0.001217678049471 0.038019181441537 0.021243135484250 
0.006737640563327 0.000028373768609 0.981105305488789 0.000444453340118 0.011684226839157 
0.000095460078568 0.957315349173046 0.040648130941620 0.000072795062829 0.001868264743937 
0.016413034915030 0.095078306500943 0.821712708583902 0.009962228893281 0.056833721106844 
0.000000017699495 0.000000564142062 0.000005754158578 0.000003397622167 0.999990266377698 
0.005530760175604 0.000380184457345 0.980733999135557 0.005345228372958 0.008009827858535 
0.133123490727309 0.186425034620974 0.652902102959805 0.000698260664661 0.026851111027251 
0.000916895649185 0.015579382272788 0.336695308037255 0.000039936219535 0.646768477821237 
0.482842167574609 0.036836670317530 0.039578016492764 0.051950628988268 0.388792516626829 
0.002883955253567 0.004255544427485 0.889093766335952 0.001430612542416 0.102336121440580 
0.618969243909770 0.003206165211122 0.026708527186870 0.010333174913141 0.340782888779097 
0.162467985718802 0.000204681732919 0.160843359881410 0.442376341607621 0.234107631059248 
0.000321686502224 0.001147588973463 0.994558775134892 0.000002889762953 0.003969059626468 
0.251939077368776 0.345169051653341 0.300432860126045 0.010852595867272 0.091606414984565 
0.046573252100696 0.656430213386120 0.295774218250414 0.000523392502855 0.000698923759915 
0.005209350594853 0.039685592086837 0.953260489007892 0.000149779390435 0.001694788919984 
0.350206282264093 0.000006002629587 0.000211077979807 0.002093753438306 0.647482883688206 
0.260150285994032 0.007047687064785 0.560881406789655 0.065613370060332 0.106307250091196 
0.878193160899258 0.001013963157277 0.118852897200931 0.000979519210201 0.000960459532333 
0.994565396436302 0.000040980696273 0.000612060499623 0.002040112705732 0.002741449662070 
0.000119369087651 0.030639345726282 0.937301489662465 0.001065159966388 0.030874635557213 
0.005905471800471 0.013957239649359 0.047321859987879 0.002420318988541 0.930395109573751 
0.000092174193426 0.000110267606048 0.999050087109627 0.000037709807014 0.000709761283885 
0.001095352423762 0.934195900368285 0.053586445823493 0.002596115163266 0.008526186221194 
0.000002731657915 0.001794740495523 0.995986238527631 0.000004934338985 0.002211354979945 
0.001006841400702 0.000227553046695 0.003037494823637 0.012335830846124 0.983392279882842 
0.004480365221097 0.477509743844811 0.048807967387518 0.003710084177334 0.465491839369240 
0.000557186566069 0.000135313070168 0.000349348199771 0.000106917887349 0.998851234276642 
0.000000001009010 0.000005483999346 0.000000009339287 0.000000421195005 0.999994084457352 
0.047498719627558 0.002060801027392 0.078361501579397 0.002999347471376 0.869079630294277 
0.000002636325418 0.999905506809692 0.000083806122050 0.000007353710828 0.000000697032013 
0.250473940736793 0.011270006289417 0.073936519919098 0.051258260530783 0.613061272523909 
0.000474176815107 0.000019181998858 0.998862369418486 0.000189786599381 0.000454485168167 
0.999997275810140 0.000000061545277 0.000000363366916 0.000001312728550 0.000000986549116 
0.024200169915374 0.194322015058425 0.192450052866922 0.005094526124674 0.583933236034605 
0.030686647891412 0.006630794544940 0.464283166113857 0.023817286436210 0.474582105013581 
0.547017357468267 0.320493031660686 0.017095760931535 0.091274352542565 0.024119497396947 
0.000000416405322 0.989884786946202 0.000001602001586 0.000004877553872 0.010108317093018 
0.020820073076524 0.007297498170911 0.788302242743733 0.073360934990306 0.110219251018525 
0.608983529290827 0.005388791896430 0.031867644684188 0.014396731790714 0.339363302337840 
0.009118493171713 0.014671628106510 0.900054725904000 0.003143024547618 0.073012128270159 
0.081486911143482 0.237375294048561 0.662945250193824 0.001282591201587 0.016909953412547 
0.434037832021260 0.007594252421522 0.369607525535346 0.005255429332793 0.183504960689079 
0.179239132400660 0.000859581917375 0.137338797769354 0.033894604738798 0.648667883173813 
0.177145255283439 0.133903277195121 0.278152556438667 0.076337761745954 0.334461149336819 
0.039567443755786 0.001219409411680 0.951963460997126 0.001917412561098 0.005332273274310 
0.999997347186317 0.000000014651800 0.000000579550721 0.000001298744340 0.000000759866822 
0.999025563144146 0.000097268543797 0.000021131306179 0.000645465425202 0.000210571580676 
0.002486366786525 0.167205320788861 0.485419042494965 0.001366800385144 0.343522469544504 
0.000117140545805 0.068865765419604 0.561942303095097 0.000099683927971 0.368975107011523 
0.999936367366180 0.000009675113047 0.000044435065591 0.000006426993939 0.000003095461243 
0.003925885763834 0.000566286014800 0.982562542384581 0.000190124529725 0.012755161307060 
0.090309804122847 0.551165996208436 0.323094880355601 0.009834395908373 0.025594923404743 
0.000625727467429 0.010466960130279 0.000000394734821 0.000006494910828 0.988900422756643 
0.355228323786962 0.001867238774267 0.041088437189437 0.026976570993835 0.574839429255498 
0.999999999996137 0.000000000000074 0.000000000001145 0.000000000001932 0.000000000000711 
0.244209218281681 0.062415229610374 0.058199939188480 0.016175589904570 0.619000023014895 
0.959374356647612 0.000216466681421 0.004605500546829 0.035580984794816 0.000222691329322 
0.705197062424581 0.009110223868714 0.000247324827539 0.115101838069054 0.170343550810112 
0.986620793966887 0.001384121669705 0.006235635290551 0.000660529009789 0.005098920063068 
0.050629205742081 0.009299611251419 0.077748837436538 0.010649389838588 0.851672955731374 
0.000043354337697 0.010669310912544 0.011034993839738 0.000006038325633 0.978246302584387 
0.954509772628351 0.002416591029553 0.001319559384947 0.004236374707095 0.037517702250054 
0.003915859886540 0.074216013651113 0.000055606228773 0.005992423637832 0.915820096595742 
0.127324142669620 0.001330262298021 0.188085404577970 0.026698840549374 0.656561349905015 
0.592496206185015 0.041110607158720 0.350736233663400 0.002810927415298 0.012846025577567 
0.019447234814479 0.018346369197677 0.509539201609251 0.025717245321195 0.426949949057398 
0.000068509594671 0.007498691395101 0.004460623367065 0.000154121893205 0.987818053749959 
0.941162120537446 0.000418840713571 0.015160076253571 0.042874421390104 0.000384541105307 
0.000965767669528 0.000102757649424 0.000638494650719 0.001814026968713 0.996478953061617 
0.472412919316245 0.000313854251574 0.002036931343992 0.525233766076193 0.000002529011996 
0.009097952302899 0.727600087237922 0.235410680744240 0.001974216412660 0.025917063302280 
0.594522883430343 0.001043728300767 0.013885709354508 0.384582837272692 0.005964841641690 
0.876026821119299 0.074717677309847 0.003565437289459 0.044164694731987 0.001525369549408 
0.077877669939789 0.056941205979828 0.419109097305450 0.022077196902295 0.423994829872639 
0.466782104948467 0.003745490429083 0.385527514536366 0.051406779676888 0.092538110409196 
0.000002528643188 0.756481131107306 0.243509897998467 0.000000279194354 0.000006163056685 
0.341289812900572 0.532803137299915 0.069845733820220 0.043023135570820 0.013038180408473 
0.036062681307767 0.858081919200564 0.001158550403914 0.002802185285404 0.101894663802352 
0.991413770529632 0.000237616315832 0.000031900039705 0.000578707549698 0.007738005565134 
0.110007964093329 0.000055818650004 0.874797791322996 0.000029544217606 0.015108881716066 
0.002057719130040 0.017254313168133 0.775507885586723 0.001355822323350 0.203824259791754 
0.269302650843364 0.015503810667535 0.153963543401234 0.026791933227337 0.534438061860529 
0.913438592596135 0.000173074377599 0.083522507918354 0.000138132232159 0.002727692875754 
0.000000004612757 0.000000000464760 0.000000005711466 0.999999842570860 0.000000146640158 
0.781358242755379 0.011314224531491 0.199117229089432 0.000476786604688 0.007733517019010 
0.102382262988305 0.005737034760461 0.156169582573408 0.636753419826544 0.098957699851282 
0.000000000000540 0.999999996909114 0.000000000105039 0.000000001729316 0.000000001255992 
0.666412650266417 0.058345782318763 0.016827577756061 0.015410191460165 0.243003798198593 
0.027778249324541 0.757264286532965 0.208292286335254 0.002724738107250 0.003940439699990 
0.000004731196243 0.000000055880716 0.999993518147221 0.000000131186419 0.000001563589401 
0.999907770185557 0.000057945349937 0.000003620739635 0.000025154035072 0.000005509689800 
0.061582724036091 0.319844543837078 0.289468093135665 0.321165021674172 0.007939617316994 
0.000002817026487 0.000012629961542 0.982781299250772 0.000003473427614 0.017199780333584 
0.963774468579575 0.000663987014272 0.013078443146964 0.004168817045719 0.018314284213471 
0.005620097117768 0.030833289816665 0.427998180539951 0.424957406753199 0.110591025772417 
0.003071569088845 0.000205734769779 0.001881598224083 0.000766218834656 0.994074879082636 
0.060046514050832 0.045311709913168 0.872813145815442 0.012843765211727 0.008984865008831 
0.999232441120348 0.000275952211603 0.000181443390024 0.000223872502460 0.000086290775564 
0.205011686919032 0.004627269655304 0.662053909475584 0.022930914696053 0.105376219254028 
0.126486491216327 0.017851749482758 0.798968494369463 0.015279491641682 0.041413773289769 
0.002328998213782 0.000014996764876 0.033119731544893 0.963371608788651 0.001164664687797 
0.409131441006424 0.390440846381552 0.056956366578487 0.081174769307385 0.062296576726152 
0.206998004065505 0.075719380967461 0.684835833916348 0.004133353863983 0.028313427186703 
0.934057636325885 0.006016659141882 0.008931328441345 0.000267891868792 0.050726484222096 
0.014696833915743 0.001312151413778 0.000051011309839 0.002538072895994 0.981401930464646 
0.989713265222132 0.003082760217238 0.000245307015142 0.003126236766233 0.003832430779255 
0.513400188869085 0.011860406125926 0.089684471336735 0.008815536148713 0.376239397519542 
0.024888439262020 0.058548145103710 0.857608249014366 0.021236733807134 0.037718432812770 
0.922293638001730 0.000042369083402 0.012996312355342 0.007778586611764 0.056889093947762 
0.985947914309787 0.002947111470050 0.004016779764318 0.000439074370208 0.006649120085637 
0.000179647879130 0.000099190149297 0.004723752141074 0.000583598769348 0.994413811061152 
0.001086683690077 0.977453355246219 0.003490170442110 0.000016910180741 0.017952880440852 
0.058899318580528 0.009714557381762 0.805123370937779 0.039160607134968 0.087102145964963 
0.000972228031055 0.922216579499277 0.076518313000709 0.000292147080792 0.000000732388167 
0.000009133044357 0.999438684085437 0.000271263611558 0.000005498465671 0.000275420792978 
0.222977154496748 0.093361898217704 0.292427660048056 0.219662948658536 0.171570338578955 
0.007593625751963 0.004661783864956 0.106205742359257 0.015631271303559 0.865907576720265 
0.306203824690983 0.481280843516303 0.028986812175082 0.044141835076685 0.139386684540948 
0.575932874317457 0.001757322100019 0.000535240615958 0.000703710039247 0.421070852927319 
0.018819823850597 0.004061700687380 0.052946648496778 0.762552817108367 0.161619009856878 
0.001359744308836 0.000116593666335 0.004667761748742 0.000419867822262 0.993436032453825 
0.000040179321094 0.000025918382413 0.529089277227679 0.000019291459068 0.470825333609746 
0.024006849099961 0.311408379699967 0.008857328263975 0.009885264053401 0.645842178882696 
0.000145053201420 0.000414146833598 0.997842354577165 0.000032082495872 0.001566362891945 
0.000002517775034 0.980507514512978 0.018309687833289 0.000058220969385 0.001122058909314 
0.544606866662652 0.003568817073049 0.227155360028615 0.213546410576647 0.011122545659037 
0.000420539144594 0.000008911464249 0.996793160636461 0.000008147723521 0.002769241031175 
0.014077632719708 0.000147123516884 0.000871305345997 0.000056045422884 0.984847892994529 
0.078068590944699 0.010777146328303 0.816925424780404 0.002490734909619 0.091738103036976 
0.143918164504711 0.001088591692884 0.715595337413190 0.102795834932616 0.036602071456598 
0.999563001054855 0.000377453908108 0.000013143974800 0.000041087069591 0.000005313992646 
0.723542375333842 0.082118975322980 0.039015738432311 0.000873112482309 0.154449798428559 
0.021886948513928 0.481218534641149 0.006464279119489 0.016736257954259 0.473693979771175 
0.000593071186406 0.003933612273735 0.000004505385398 0.000105151633431 0.995363659521030 
0.001240442537560 0.000003519621587 0.446325363700737 0.000010909167383 0.552419764972733 
0.000002251736471 0.999031594802564 0.000942222723588 0.000004299899643 0.000019630837733 
0.025555468711661 0.370071168093899 0.489471057391915 0.048074761638347 0.066827544164178 
0.923058916251008 0.000099579701409 0.002763541650217 0.001176910828497 0.072901051568869 
0.121454082848643 0.195443096861345 0.446768816778283 0.064376861328716 0.171957142183012 
0.036252069713659 0.010878638276882 0.363486106658097 0.001850972312262 0.587532213039100 
0.993404948403240 0.000205805935259 0.003026886047403 0.000778721648425 0.002583637965672 
0.000063441728015 0.003267373779009 0.000001605799584 0.868620687210272 0.128046891483121 
0.001315687829869 0.060025507292071 0.000287471829877 0.000587381704911 0.937783951343272 
0.988734837695429 0.000092544671504 0.002211584405314 0.006026125001235 0.002934908226517 
0.446537372774968 0.008600695726671 0.247412033452359 0.038884126119627 0.258565771926376 
0.023070176790005 0.000065864263742 0.974067628836165 0.002772032305153 0.000024297804934 
0.027319842264416 0.000530900987713 0.003325833306004 0.008202124950922 0.960621298490946 
0.370700741051590 0.486314293444863 0.045122414075947 0.082604991560435 0.015257559867165 
0.002089546988064 0.001082410274715 0.044325507009966 0.000402327152299 0.952100208574957 
0.009213249581862 0.000017742517876 0.540318413247942 0.409459754946058 0.040990839706263 
0.000000135674196 0.000000113154754 0.000000043749334 0.999980553813594 0.000019153608123 
0.982691317552344 0.010927571053849 0.000899645079121 0.005178118415491 0.000303347899195 
0.000000000009440 0.999999892615227 0.000000000157419 0.000000002511464 0.000000104706451 
0.116048972846578 0.064495424398384 0.071816523488199 0.183938466728703 0.563700612538136 
0.038474878349949 0.005009702429008 0.865473293945966 0.039701799651004 0.051340325624072 
0.605815755922098 0.229058151204748 0.006930665960009 0.017920689918286 0.140274736994859 
0.051531908793895 0.003207174091345 0.944203017595257 0.000224972119910 0.000832927399592 
0.000004168985642 0.999142564673330 0.000095882621900 0.000001322194366 0.000756061524763 
0.000004204166630 0.997349050261473 0.002638949204312 0.000003562583872 0.000004233783714 
0.000002400623666 0.000000701516095 0.999948007891468 0.000002510792812 0.000046379175959 
0.113957992040717 0.002715483139842 0.685165140078885 0.067839179014141 0.130322205726415 
0.448773421877661 0.015203051009814 0.535986048620897 0.000016793189394 0.000020685302233 
0.003065344742094 0.006584504200412 0.015510280158166 0.129118429338409 0.845721441560920 
0.002669375355711 0.973764410326136 0.022834656318322 0.000638138072720 0.000093419927112 
0.000004846022582 0.000002496970713 0.999387911712519 0.000016062032903 0.000588683261284 
0.991993583650833 0.000104623889866 0.003652820610532 0.003923745330725 0.000325226518045 
0.974224202988850 0.000064929154454 0.005630529373674 0.000183089800209 0.019897248682812 
0.409427242967696 0.007649644794408 0.000732676665689 0.365285490884711 0.216904944687497 
0.024977611984400 0.001498098898125 0.049261502961963 0.012037573740769 0.912225212414743 
0.010851339675764 0.068740706194624 0.307156854796822 0.030908726183142 0.582342373149648 
0.897552187704553 0.011025284947004 0.052853940337192 0.001627575145740 0.036941011865511 
0.634879835285529 0.076028916274140 0.253990215650237 0.003087358111827 0.032013674678267 
0.223554851638856 0.722008423083707 0.021032225416255 0.032277739244265 0.001126760616916 
0.006304611712111 0.164832759879805 0.142016235191247 0.037249904586966 0.649596488629871 
0.000780571790251 0.000000538445344 0.000416318468038 0.998381468820131 0.000421102476235 
0.081702849620848 0.006051831057218 0.619808698944250 0.010632877802746 0.281803742574938 
0.000000004628090 0.000000881986148 0.000000005045589 0.000000594924407 0.999998513415766 
0.999903958884110 0.000072131187682 0.000003792648214 0.000006815943582 0.000013301336411 
0.101052793072324 0.061610855703484 0.142001707754012 0.077865508150076 0.617469135320104 
0.904633568245375 0.000740507116250 0.086923634144876 0.003640816482013 0.004061474011486 
0.027106130128291 0.117611157339658 0.107768445934680 0.747100643492165 0.000413623105205 
0.068213423622952 0.013513529554327 0.846949755879472 0.023408014712394 0.047915276230855 
0.133964930630766 0.009186794330162 0.589360501906949 0.256717960928920 0.010769812203203 
0.000185462861326 0.000008864501039 0.995792970002263 0.000388916494515 0.003623786140858 
0.944985721121576 0.007121723903927 0.015397571735214 0.007627878942443 0.024867104296839 
0.000008433667914 0.038499932993754 0.937706031722767 0.000017450386194 0.023768151229371 
0.989682825432943 0.004802172950251 0.001545119901436 0.003553505259757 0.000416376455614 
0.000000000003264 0.999999997521419 0.000000000896772 0.000000000148972 0.000000001429573 
0.007172853212550 0.196988137866506 0.094924848778101 0.698610605301256 0.002303554841588 
0.009285184255969 0.055306864845836 0.925872965624663 0.000242769471976 0.009292215801555 
0.053973357877438 0.196540310384395 0.477788206743936 0.003593431344142 0.268104693650090 
0.822349980136828 0.142938729160599 0.024073517347032 0.006482758219988 0.004155015135553 
0.000021881795383 0.000689182443156 0.000705435279552 0.001474840356584 0.997108660125326 
0.999997042784773 0.000000335762102 0.000000436126736 0.000001348519873 0.000000836806516 
0.287934054457704 0.231857156277008 0.391052364800508 0.003366593749362 0.085789830715417 
0.000365542488374 0.187001612668492 0.002526884802526 0.034676327194109 0.775429632846499 
0.000370778670439 0.002521341320522 0.987987484310910 0.000989020746793 0.008131374951337 
0.000037143083636 0.000013178379629 0.000090502871532 0.000012142085761 0.999847033579442 
0.846227728900703 0.043924774771079 0.104934726710929 0.003861394958796 0.001051374658493 
0.010025890088645 0.548629722661229 0.386574171874926 0.000083175184085 0.054687040191114 
0.002655799111266 0.000005097500757 0.022058656126100 0.973146944553847 0.002133502708031 
0.107671933510388 0.052739407758762 0.071666753523257 0.166562389577606 0.601359515629987 
0.940689631290921 0.036356981782575 0.019185969497890 0.000485941640574 0.003281475788041 
0.997690637675035 0.000235902486054 0.000744335240152 0.000077438844757 0.001251685754002 
0.006591474900724 0.061081994418769 0.924642459374141 0.000242022914906 0.007442048391461 
0.036865920663226 0.526825073733071 0.399533878970273 0.019562580142647 0.017212546490783 
0.891715387858482 0.043871811630633 0.017556021733151 0.014136173516801 0.032720605260932 
0.945971998365809 0.000025834950547 0.005413738929060 0.045285775138691 0.003302652615893 
0.035403887065610 0.281036518011123 0.000316103564991 0.271028672597286 0.412214818760990 
0.060305512730577 0.001878101678616 0.195922960108051 0.622480013682134 0.119413411800622 
0.012050524045343 0.049653811168054 0.024488397849679 0.007607161819468 0.906200105117457 
0.842333253910255 0.108987775485521 0.036597053233889 0.010785641128954 0.001296276241381 
0.000075553637111 0.914811058360613 0.084918124437066 0.000083944245074 0.000111319320135 
0.000245138338035 0.000419715120340 0.997754662818284 0.000011642272978 0.001568841450363 
0.013897786855382 0.021936230013387 0.196235134970933 0.121303856488235 0.646626991672064 
0.042339207711094 0.008138155465060 0.017494272698508 0.154225150816211 0.777803213309127 
0.005254729074455 0.011633297347936 0.356801087003213 0.037609867415680 0.588701019158715 
0.000760224092524 0.000710844179101 0.001288627849135 0.001807153525284 0.995433150353956 
0.000981946815687 0.000314218042475 0.283616186668039 0.003981389459217 0.711106259014582 
0.011030062167540 0.000005122587838 0.988930908746911 0.000013616465357 0.000020290032355 
0.000102729219904 0.000272984930368 0.006548207280560 0.000055572395466 0.993020506173702 
0.019371335365267 0.000574613013314 0.964665602050079 0.006319635389198 0.009068814182142 
0.006751653843099 0.001786605567734 0.004900697238994 0.030532768644524 0.956028274705649 
0.000253580736713 0.003206884744574 0.011215390438947 0.003622947718486 0.981701196361281 
0.000181017694664 0.964760137319072 0.000814900310261 0.000005144533976 0.034238800142028 
0.820080520278175 0.112395233603612 0.010189446531567 0.007998568041922 0.049336231544724 
0.000300762398495 0.132427496611549 0.865203985290655 0.000022220839822 0.002045534859480 
0.010701665232572 0.022138083451734 0.041645418333784 0.042731884815517 0.882782948166393 
0.354584929729350 0.000299985209678 0.000188519824735 0.619974218049742 0.024952347186496 
0.000005578961510 0.998722907981333 0.000483797605966 0.000023596364411 0.000764119086780 
0.853905420743919 0.021908713603173 0.083214818514390 0.034727113096920 0.006243934041598 
0.000005861290389 0.090657122291786 0.001552104113957 0.000029926063278 0.907754986240591 
0.987771881740881 0.000193811698448 0.003606114158325 0.000187158726408 0.008241033675938 
0.001569572826040 0.000452328540810 0.993519308881400 0.000754970575767 0.003703819175983 
0.939568794661281 0.000216923839071 0.048091769054079 0.008781111910642 0.003341400534926 
0.801383024883206 0.000873916029656 0.147907786612431 0.026818338238592 0.023016934236114 
0.000418945296858 0.013700619845269 0.000370298839872 0.085932755360897 0.899577380657104 
0.001518573788482 0.480161063862159 0.046593945012284 0.000696506326403 0.471029911010672 
0.023718761730988 0.802424178710502 0.099541771404964 0.000748890402840 0.073566397750705 
0.968543482017634 0.000730835687711 0.004008128315393 0.004498051837732 0.022219502141530 
0.074488703170366 0.011889592987154 0.001664321409660 0.001135391446878 0.910821990985942 
0.005369448268303 0.000321277886572 0.017283653318237 0.975530240818842 0.001495379708047 
0.999996560638894 0.000000032686508 0.000000014616082 0.000000379351190 0.000003012707327 
0.159732873574201 0.080532584573694 0.080879620279405 0.149251810049984 0.529603111522717 
0.229050773942706 0.211508819895785 0.519753000272623 0.005589577479523 0.034097828409364 
0.007528268630787 0.990277380158803 0.001591899704678 0.000002289057967 0.000600162447765 
0.052462897207796 0.016290843473856 0.558613711782186 0.366433918155964 0.006198629380197 
0.000611524481760 0.000178411912124 0.004559257179066 0.965416593150738 0.029234213276312 
0.037847342241538 0.000402311248166 0.024896637625418 0.007480156836618 0.929373552048261 
0.001723377161291 0.000799567623227 0.018139753060507 0.000215713494010 0.979121588660966 
0.004438342437514 0.436483241592671 0.540621812576707 0.002271181048460 0.016185422344648 
0.000001069753366 0.000520499081147 0.999477701208100 0.000000097139045 0.000000632818342 
0.089264305377892 0.003879028331171 0.179590757356165 0.572953574811931 0.154312334122842 
0.927982669960096 0.000093108766029 0.008718420254202 0.029511353626563 0.033694447393110 
0.462559762373554 0.034088727730324 0.172949693734265 0.031323410727772 0.299078405434085 
0.002699927217184 0.214967061926255 0.000401316380500 0.000080201329740 0.781851493146322 
0.000049290570544 0.626330080277772 0.000128686960944 0.000018268400084 0.373473673790656 
0.047298086484212 0.083364606750541 0.012032193386991 0.002215871632866 0.855089241745389 
0.334411426874577 0.000693580513872 0.009726188101888 0.219774506861744 0.435394297647919 
0.020517567888720 0.009759670009355 0.959704658119624 0.009277207534984 0.000740896447316 
0.108371949852382 0.014566892115068 0.863789660197962 0.001214909137834 0.012056588696754 
0.347370396513815 0.447278586171278 0.196139793229604 0.004015418739628 0.005195805345676 
0.926871728033946 0.000061980539811 0.072596389034791 0.000113061335305 0.000356841056147 
0.001811770761739 0.000597652790491 0.921575484378607 0.000291127107524 0.075723964961640 
0.665835271959851 0.017767577374582 0.308719253922825 0.000067340213185 0.007610556529556 
0.002041378135579 0.000967001856599 0.009723709062010 0.004625641834795 0.982642269111017 
0.252834536241823 0.001905577796466 0.223796301051757 0.089117985166035 0.432345599743919 
0.999728009527010 0.000000866804802 0.000005775983417 0.000256461493490 0.000008886191282 
0.999999975819216 0.000000012333706 0.000000000821573 0.000000007823217 0.000000003202289 
0.003243916699579 0.005522780557341 0.919060045068011 0.003008499524477 0.069164758150593 
0.000045484613822 0.004844184106193 0.000066316856519 0.000704380794364 0.994339633629102 
0.991334453784288 0.000031199973566 0.000145489984266 0.000073215507350 0.008415640750530 
0.014551987732266 0.784168247075160 0.194817573112238 0.005891523354052 0.000570668726284 
0.911315019051405 0.014286508526955 0.068936006503198 0.000315750994622 0.005146714923819 
0.081727445107684 0.044338349106129 0.766392906410429 0.003816008461227 0.103725290914530 
0.985531149876541 0.000373869203607 0.000012580978284 0.013174600011243 0.000907799930325 
0.057262312416659 0.002776559811059 0.902801479161780 0.032330487915772 0.004829160694730 
0.000000009400570 0.000011045256093 0.000000225940186 0.000004254337382 0.999984465065770 
0.338792262909349 0.581887497492158 0.055942094320591 0.005007902304739 0.018370242973162 
0.000004485158305 0.000707983502220 0.000252672906220 0.000001157756165 0.999033700677089 
0.017469122469416 0.001633075247404 0.952018904411915 0.001716736134984 0.027162161736281 
0.000027761019092 0.996747588381382 0.002773909138796 0.000011783412778 0.000438958047953 
0.000043370480358 0.001936687529370 0.000024004445290 0.857227851753650 0.140768085791332 
0.005980629610293 0.214930742520676 0.125261912900811 0.038400014931031 0.615426700037189 
0.000487620875690 0.030319859621174 0.002761963751385 0.000499045967046 0.965931509784705 
0.001525410831753 0.948226854524292 0.047771717087556 0.000089018930613 0.002386998625787 
0.000000037851374 0.000001013420259 0.999991446641417 0.000000044648347 0.000007457438604 
0.997517725351269 0.000034999199765 0.000233162397873 0.000348331703706 0.001865781347387 
0.000108340418961 0.000768986564002 0.999083359721351 0.000000705141701 0.000038608153986 
0.000490195199054 0.000089943678248 0.003988249441696 0.932443349262777 0.062988262418225 
0.000864153888082 0.040398214367577 0.853517106815138 0.003815201896788 0.101405323032414 
0.000062182376432 0.000589472826155 0.001058380959222 0.000227020795289 0.998062943042902 
0.961233210693812 0.000074940340241 0.038164930894644 0.000042352706778 0.000484565364525 
0.775168365997648 0.004254385155151 0.127882292655198 0.068684959986202 0.024009996205800 
0.346341435226411 0.000590187553976 0.026069475152340 0.626071821591918 0.000927080475355 
0.000028341563467 0.000156511486109 0.000175948159078 0.000230181102430 0.999409017688916 
0.017449731695382 0.018784542100195 0.936972190879551 0.006987086103687 0.019806449221184 
0.055875396250283 0.000311811682428 0.018948147028993 0.916181184362034 0.008683460676262 
0.999982075884859 0.000011297931249 0.000000265585789 0.000006083514877 0.000000277083225 
0.082748285296679 0.000722840487197 0.899665738393143 0.004432484635146 0.012430651187834 
0.957736623412245 0.000745681149864 0.007836559641409 0.001924147123438 0.031756988673045 
0.000460979394341 0.000311925177784 0.991846210246292 0.001062156276782 0.006318728904801 
0.012548262611482 0.000145125443739 0.926480703926993 0.000276286535045 0.060549621482742 
0.014127330701361 0.479388469047253 0.205953675816991 0.024281901262423 0.276248623171972 
0.035260757902150 0.001919317917097 0.212752575132579 0.037325086892175 0.712742262155998 
0.153398595373234 0.435904303670089 0.234844767550978 0.043966884794981 0.131885448610718 
0.259430568187128 0.140378045296592 0.178300995266916 0.001702863263364 0.420187527986001 
0.002138483904605 0.045332631809979 0.903500914465375 0.007335225265515 0.041692744554527 
0.000385173796475 0.691780959407523 0.192641196441072 0.009306000180910 0.105886670174020 
0.000044743822344 0.000001326005961 0.000077933693904 0.999850840177167 0.000025156300624 
0.593338028567974 0.009258400188425 0.000408564397987 0.385713269345528 0.011281737500086 
0.894138504195897 0.000769896406320 0.015625679607667 0.009999805967615 0.079466113822502 
0.000045699537622 0.000000713479325 0.991761744174662 0.000004061970417 0.008187780837974 
0.927958449510014 0.001497469910348 0.048489144955809 0.011783590847634 0.010271344776195 
0.001053938489106 0.139346562975574 0.857957092018220 0.000697128229932 0.000945278287167 
0.198286981103624 0.000024724153982 0.000614476484038 0.799666991867632 0.001406826390725 
0.049996023395834 0.216943161396350 0.006190187581417 0.007162760061782 0.719707867564618 
0.039137312516723 0.000142592594585 0.059340752519285 0.005830917107249 0.895548425262158 
0.009603804934427 0.000957128490482 0.001492944534181 0.973044063399135 0.014902058641774 
0.014246866016760 0.036617097417263 0.159319075240089 0.017875319345060 0.771941641980828 
0.353048260890449 0.002672714877838 0.634650696946238 0.001106193413056 0.008522133872419 
0.999624956705555 0.000010006605694 0.000012888886705 0.000124593376187 0.000227554425859 
0.022427458101181 0.513686992657497 0.459093602488332 0.002479666601499 0.002312280151492 
0.010846268179992 0.007421469432360 0.005833435312660 0.974849474819495 0.001049352255494 
0.006931146773867 0.049352986420064 0.008615753062879 0.003672684915325 0.931427428827865 
0.039832859871974 0.003656298133296 0.000058400676610 0.941865230162917 0.014587211155202 
0.266028500520099 0.699169671818187 0.022224992586953 0.007979561402468 0.004597273672293 
0.013011473111408 0.497655223653022 0.428927331989102 0.008799786987957 0.051606184258512 
0.595226411661020 0.011291202209693 0.386442025072841 0.006548164995020 0.000492196061426 
0.329043860377685 0.005351254696370 0.346336572835013 0.305008930375278 0.014259381715655 
0.998617918139760 0.000375672412448 0.000781202594483 0.000092883639366 0.000132323213943 
0.000008415311581 0.953564983012116 0.000000141596028 0.000000092028484 0.046426368051791 
0.000742785886513 0.065970821773244 0.008104176531215 0.001606716330360 0.923575499478668 
0.008263306627897 0.034395434088150 0.956684657420053 0.000197877688418 0.000458724175482 
0.000000000978018 0.999927338574613 0.000000050743482 0.000000024006705 0.000072585697181 
0.066014500809922 0.000703902397138 0.816734789523744 0.009462715826677 0.107084091442520 
0.019060147847106 0.401842272686994 0.488324261328920 0.032839421053730 0.057933897083250 
0.801502044835879 0.106636144760385 0.050351606399226 0.014385021955901 0.027125182048610 
0.004223474880964 0.000869980240833 0.990990770257660 0.000849672090953 0.003066102529590 
0.000040651201826 0.000630565099568 0.982247311935596 0.000001899894581 0.017079571868430 
0.000303080442592 0.000189708419155 0.546805398880038 0.000072733949580 0.452629078308635 
0.932425420945299 0.000245364399334 0.048171818458515 0.001758162396629 0.017399233800224 
0.005191454956187 0.011126770887346 0.264844800589688 0.004414850608700 0.714422122958079 
0.006009853198220 0.064030678623326 0.914769683890678 0.001053620493298 0.014136163794478 
0.000000088417012 0.000000362000067 0.999998559443819 0.000000416199368 0.000000573939733 
0.075476478385089 0.005119603850693 0.202967742636435 0.606871494761382 0.109564680366400 
0.000381497058650 0.014347817811431 0.469466931041912 0.000107538953571 0.515696215134435 
0.000314206931219 0.000102556389162 0.994795816440332 0.000035221010209 0.004752199229078 
0.058455450569094 0.000207728141828 0.928105057966407 0.001235647266721 0.011996116055951 
0.734856741270853 0.076832948907262 0.008577955259715 0.014855877383977 0.164876477178194 
0.350454677637571 0.050331060443468 0.009363240055587 0.002494856943724 0.587356164919650 
0.084145994039024 0.041676578923296 0.259444891139200 0.012469483189178 0.602263052709302 
0.218042249482743 0.170821448296684 0.393058654560361 0.009985947442818 0.208091700217394 
0.000000027885567 0.000002954271132 0.000002166021261 0.000001445223476 0.999993406598563 
0.977056137861433 0.004866018809360 0.002132690034340 0.014052567366810 0.001892585928057 
0.000625563614889 0.500510084905691 0.495792626821103 0.000501128736519 0.002570595921798 
0.994260588922452 0.000275835483350 0.001203037169905 0.000661026951716 0.003599511472578 
0.001239273854063 0.000945166294951 0.000437313743281 0.009009743533125 0.988368502574581 
0.011526075426421 0.962856990885638 0.025053534039897 0.000485952156675 0.000077447491368 
0.000000013923439 0.000000080806196 0.000000449323738 0.000001644131646 0.999997811814981 
0.166452971827358 0.656047252786210 0.107232976510652 0.005631426686967 0.064635372188813 
0.004655941392397 0.922019269309516 0.041346018241987 0.001472992613403 0.030505778442697 
0.921208978776684 0.013784882417896 0.046708068124237 0.000306795742939 0.017991274938245 
0.080413257108451 0.790575413622141 0.083453872327804 0.022477258213619 0.023080198727984 
0.035358498624932 0.000199819619312 0.006957566533137 0.510800844356916 0.446683270865703 
0.000089228593271 0.022136022559208 0.022386011151265 0.000384038013272 0.955004699682984 
0.996791985192391 0.000446825164150 0.000412182983906 0.000059848560891 0.002289158098662 
0.209801056419308 0.005239152409375 0.499401175323084 0.032226907212112 0.253331708636122 
0.997695457737066 0.000024546109180 0.000205114499253 0.000044856717582 0.002030024936919 
0.718822772319292 0.242503182846234 0.002736076159454 0.001809706785929 0.034128261889090 
0.832643306705216 0.056052813652178 0.014748853445066 0.056274491300713 0.040280534896827 
0.000419254682531 0.000081176725107 0.000852710900747 0.993628396804578 0.005018460887037 
0.035296221056182 0.004472090201700 0.009087836817311 0.000531929618724 0.950611922306082 
0.001283708909507 0.000211974026903 0.043959048014273 0.000769621436125 0.953775647613192 
0.006706083224461 0.002701318692515 0.884011488341465 0.000577827474676 0.106003282266883 
0.038235341125371 0.044569253962699 0.258238415233478 0.542790403546270 0.116166586132182 
0.231206093981121 0.012479599792278 0.732753601408920 0.023138189891892 0.000422514925788 
0.050222402273319 0.384667678025079 0.000723438158216 0.056356843959216 0.508029637584170 
0.997649160495381 0.001325930758290 0.000050621022321 0.000786617376894 0.000187670347114 
0.000000974846411 0.890140551297184 0.000010345117322 0.000010917365122 0.109837211373961 
0.000131634231305 0.000003759106519 0.000011833580576 0.000032013615650 0.999820759465950 
0.030426611846598 0.009616377314048 0.959744991357956 0.000024869021045 0.000187150460353 
0.999999184292374 0.000000017262819 0.000000005055188 0.000000777956820 0.000000015432799 
0.654373837930687 0.010683567419253 0.230177052388288 0.103521446704645 0.001244095557126 
0.000095164870614 0.050537497654969 0.537664945656486 0.001350284874808 0.410352106943123 
0.005925878053553 0.005387432200377 0.910978112097766 0.016508474757817 0.061200102890486 
