0.000000319073173 0.000028192759200 0.000564378530099 0.018083499633831 0.980722848274234 0.000008066947670 0.000365170796238 0.000000695944877 0.000037084354869 0.000169069720812 0.000020673964997 
0.000045040605454 0.186287121478861 0.000182566488338 0.000348889211531 0.176254530681039 0.595629689341461 0.034216197646868 0.005143116133136 0.001605243000582 0.000284042656645 0.000003562756084 
0.000000147946715 0.064917784774229 0.000013947448644 0.000000113028746 0.014551318668830 0.000003052579279 0.919841727273464 0.000000075122655 0.000001128598840 0.000668700915848 0.000002003642750 
0.000003145457132 0.000003517073429 0.000393310443076 0.000182359357398 0.014103513525471 0.000000830663277 0.000003397361944 0.000033445934231 0.985268263227238 0.000007187038760 0.000001029918045 
0.000002188205869 0.000142177172030 0.000004604766535 0.000030974738037 0.000000431482628 0.071605844036077 0.000014819768074 0.919993579534074 0.000004503577001 0.000002249801455 0.008198626918219 
0.016810813931784 0.017141841836141 0.000007548943689 0.001312444417149 0.129290571783864 0.002023798853384 0.011544883660943 0.000278669821278 0.022698579961028 0.798665624551486 0.000225222239252 
0.000000949540014 0.994974504982285 0.000000036341766 0.000031348060298 0.000966317439625 0.000002324377805 0.002960171227221 0.000000482430887 0.000000329803714 0.001063523139926 0.000000012656459 
0.000000616747171 0.086817534411143 0.000000075168268 0.016869016744717 0.000028521177731 0.001461288543616 0.894235005762899 0.000377172970376 0.000001291305716 0.000019328755118 0.000190148413246 
0.000013812242630 0.000934948124579 0.000029574879812 0.000316858513952 0.000441924629487 0.006077297256918 0.000114411928775 0.871155130360560 0.000706166712297 0.000028739869675 0.120181135481315 
0.004351308613488 0.000252277559892 0.000019994353517 0.876007480730836 0.026032991319265 0.012844743102378 0.001840460165956 0.000187815464606 0.002355433131576 0.007518326930383 0.068589168628102 
0.000000011882744 0.998892066994323 0.000015296606566 0.000000154672084 0.000004807056828 0.000629812408492 0.000031483764830 0.000424071473562 0.000000087076522 0.000000532395849 0.000001675668199 
0.000493123418143 0.000000647840655 0.000000169914397 0.000014819434834 0.000922511169567 0.000002525728368 0.994892016154663 0.000001559600165 0.000016021787005 0.003119255042217 0.000537349909987 
0.015819581300978 0.012230862806226 0.000283855065325 0.010388739670137 0.007328255518486 0.000403301239204 0.066840453967175 0.000635818900109 0.883974747057836 0.001699555073868 0.000394829400657 
0.000000002566038 0.000011366539716 0.000161998637857 0.000010692621529 0.000000067128132 0.000139774152965 0.000001984978190 0.997959453692775 0.000101391364713 0.000001208666791 0.001612059651293 
0.000001131478549 0.000000291803464 0.000000327163651 0.949589654672140 0.000003594788752 0.000009921759037 0.000000003785585 0.000000132715867 0.050252482506343 0.000009168257330 0.000133291069283 
0.000045662468273 0.001673289447883 0.000000010190562 0.000000144022851 0.391878333671228 0.024038613140192 0.582338223125962 0.000000018562473 0.000024225255322 0.000000825667356 0.000000654447898 
0.018527774926106 0.000000020737456 0.000001247655553 0.980969093082038 0.000000278662539 0.000053548791692 0.000000372803515 0.000151797323420 0.000068006700190 0.000000844286179 0.000227015031313 
0.006462709669342 0.036368415186618 0.000088294336150 0.032677627953234 0.001447286875430 0.000158395641353 0.841756418592035 0.049241200583864 0.000053212107886 0.001642961955546 0.030103477098541 
0.999938192335276 0.000000000376824 0.000000000765875 0.000056386442499 0.000000000401136 0.000001350680782 0.000000893837532 0.000002343765323 0.000000148416280 0.000000682473724 0.000000000504748 
0.593787245386225 0.000004871424315 0.000000694791389 0.013442899957309 0.003159835857602 0.088845693354058 0.005518858704347 0.000003897426102 0.000388641125574 0.294020967391247 0.000826394581833 
0.943086147936566 0.000000003293491 0.000000009782628 0.000122183365544 0.000000955436393 0.053786775781901 0.002863050410793 0.000001016873692 0.000018064486022 0.000121785696325 0.000000006936645 
0.000124574563243 0.009584710371614 0.041150215300680 0.001726415267800 0.001082961219748 0.000131179214539 0.625129706874292 0.279543847656112 0.000552329306522 0.000030310810716 0.040943749414735 
0.000000050311575 0.000021313078288 0.000000008921599 0.000070635290739 0.366055371221020 0.000000021329587 0.001452149117958 0.000000194026581 0.000009291991391 0.000014676666040 0.632376288045221 
0.011807401130499 0.000980067873839 0.000014148828488 0.003652272400316 0.000788424640256 0.003271565280085 0.005805098303597 0.001083816436119 0.001997789959458 0.969816180891722 0.000783234255622 
0.000000006508607 0.000010389307696 0.000022641175450 0.000003881156480 0.000516993432401 0.000000233725056 0.999189941451605 0.000253524425423 0.000000185661561 0.000002140332458 0.000000062823264 
0.000002216255072 0.000000029106402 0.000000000085130 0.000107003641515 0.019748895934884 0.000000789585517 0.978790462800169 0.001335422321814 0.000002487849958 0.000002967351686 0.000009725067854 
0.000002958457433 0.046378348165351 0.013514628832227 0.766452491997401 0.000135046342180 0.004710022645399 0.159267107793497 0.003755542376599 0.000576121165266 0.000719752206359 0.004487980018287 
0.000020453780784 0.162611263486694 0.000345923531993 0.677800140086027 0.143561349408762 0.002706145955028 0.000696669236356 0.001056332988768 0.002028197496502 0.008648037926004 0.000525486103082 
0.000007389365383 0.000379605234515 0.000000050021211 0.989892723555693 0.001518065120924 0.003970041615796 0.000014850178067 0.000008913721724 0.002246686754105 0.001955677297576 0.000005997135006 
0.000685643827090 0.007900389099954 0.000078212406855 0.208048871537757 0.014016483241113 0.001506957942891 0.000261025548734 0.002674980288187 0.701255998926242 0.062904204861654 0.000667232319521 
0.000000079909185 0.000000000013293 0.000000000000206 0.000000012757633 0.000000000360988 0.000000000227547 0.000000000127773 0.000014938107797 0.999984960369022 0.000000000380344 0.000000007746212 
0.002508357878759 0.000033317726626 0.000014744344514 0.633084755085362 0.082090665022866 0.047551070765752 0.014351354205449 0.000033043325240 0.000486851713242 0.219487285820988 0.000358554111202 
0.000025032244906 0.237424460311990 0.000000303138583 0.000003891150180 0.035283996741224 0.000005451031136 0.721635028966387 0.000003841199893 0.000297081285533 0.000882222939571 0.004438690990597 
0.000200884199864 0.000000023847608 0.000000544612156 0.985435172376482 0.000000044072848 0.000402759102212 0.000002786339207 0.000082436526541 0.000010253125869 0.013864385293694 0.000000710503519 
0.000001469864031 0.943092738077530 0.007279081025391 0.000438719343707 0.034138460460628 0.000114161019143 0.002751968906410 0.002505731283475 0.009326544869546 0.000103303359817 0.000247821790322 
0.000028705304642 0.036437434169727 0.121970188393936 0.001547872886987 0.016955404921920 0.010087798835016 0.108537600078090 0.701006148085612 0.002934425982368 0.000449278038911 0.000045143302791 
0.009144445437502 0.000001679543311 0.000000004168504 0.000025510035351 0.000000503899678 0.000000451555007 0.000007283536432 0.000000129238198 0.990803905075896 0.000016037711504 0.000000049798616 
0.000015407167234 0.000001861518972 0.000110653843986 0.983991763862454 0.014983768676051 0.000013339810112 0.000001582479318 0.000557650714071 0.000313184604038 0.000010751365889 0.000000035957874 
0.000019578878288 0.000005959647570 0.000000720212729 0.816540136369019 0.008627424870492 0.009683816283991 0.000572407612460 0.000002551066091 0.164525581344597 0.000012492536010 0.000009331178751 
0.022797396212200 0.000368098883487 0.001062172488541 0.942377868299617 0.002022443286394 0.000930788063287 0.000833698317416 0.001933839351591 0.026095067928616 0.000199230332910 0.001379396835942 
0.000003506529400 0.273469881818058 0.000002675126780 0.000000247334594 0.718590385049335 0.000012725498970 0.007814660294034 0.000000189650338 0.000001394445400 0.000104217157332 0.000000117095759 
0.009510854076917 0.210103166855318 0.001931387546899 0.001394699082902 0.015298887002583 0.022364338988449 0.237571511884299 0.080089013176146 0.368513991913517 0.000717134894158 0.052505014578811 
0.000000821304917 0.000391721120323 0.000125997133773 0.041077226980672 0.000431896578887 0.110123656000943 0.000310656922089 0.000271605096126 0.000053595181083 0.000006820748106 0.847206002933080 
0.000000000103787 0.000000000974405 0.270175289901287 0.000000012915544 0.000000000124723 0.001062878687628 0.000000046982328 0.000128189065609 0.000000002396385 0.000000000086591 0.728633578761714 
0.000038924659670 0.000141084355078 0.000056139405117 0.005212099217671 0.002858779242640 0.009659218028069 0.000134005115481 0.000021691662594 0.034602733971955 0.947079174674828 0.000196149666898 
0.018761096416216 0.000165985538188 0.000014898948876 0.844770832330032 0.044363425777793 0.000314140602772 0.024439370725223 0.001023521759956 0.001786419587425 0.059274274139391 0.005086034174126 
0.000015279552405 0.000000001837637 0.000000000003933 0.999794953528072 0.000000003151759 0.000002852042746 0.000000000725983 0.000000000073966 0.000000017938527 0.000186890987153 0.000000000157819 
0.310569829439882 0.000079788872198 0.000073110650118 0.099730222916864 0.005919167237234 0.009289806925978 0.151887295617315 0.005588907163722 0.408658060967531 0.004806871081369 0.003396939127788 
0.000004415316953 0.000000038132422 0.000000009582274 0.000106279202958 0.000020755258192 0.000000040779720 0.999199384104912 0.000667513504416 0.000000227992994 0.000000314075970 0.000001022049190 
0.000144734285556 0.000372400373332 0.000483305784679 0.081386895322527 0.014056490816532 0.791163201048597 0.105643927926192 0.001193639769573 0.003811776177872 0.001737826629385 0.000005801865756 
0.000000050845832 0.000000088953891 0.000002830498599 0.000002570398331 0.999052770510293 0.000009869240297 0.000927360964341 0.000000041707383 0.000000012829641 0.000004398540932 0.000000005510460 
0.000000017078283 0.000000084987625 0.000000000000308 0.000016897106287 0.997574769330096 0.000000061125410 0.002327365875876 0.000000000535389 0.000000539448683 0.000080264094714 0.000000000417328 
0.001066431042892 0.003109971615956 0.000003441209053 0.039040032711726 0.156807290041531 0.000023892219892 0.028042118145357 0.487469439100070 0.179662052384018 0.000501795606508 0.104273535922997 
0.000004465459218 0.000000242836247 0.000000073467074 0.576264512594285 0.005614186952678 0.034184310398877 0.383905634362126 0.000000520233285 0.000005273962922 0.000001448114054 0.000019331619232 
0.000000005281399 0.000000000033786 0.000000019706858 0.000000260861855 0.000084513027880 0.000000039652420 0.999915144205249 0.000000014232513 0.000000000195626 0.000000002799164 0.000000000003250 
0.000000000000004 0.000000000000002 0.000000000000001 0.999988874948107 0.000000000000000 0.000011125051228 0.000000000000417 0.000000000000237 0.000000000000000 0.000000000000003 0.000000000000000 
0.000000772283160 0.171011484099192 0.000112997533575 0.000007445099210 0.000104020291606 0.002867586435498 0.000074715382281 0.508025027309612 0.000108399772653 0.000005605711517 0.317681946081696 
0.000410853903938 0.023374189656001 0.000045611856169 0.075378524044796 0.030792230678191 0.009944408241823 0.064588889539933 0.001410314046284 0.026092356249999 0.767771687808099 0.000190933974766 
0.000000000034114 0.998958985966353 0.000000000036931 0.000000002220926 0.001014315217979 0.000022769205833 0.000003825231551 0.000000038199630 0.000000000539973 0.000000063279871 0.000000000066839 
0.000000002790260 0.000000091193602 0.000439149307226 0.000004602867426 0.000001389104733 0.000014302187003 0.000510535136486 0.000019520778509 0.000000015178269 0.000000995619087 0.999009395837398 
0.000003314907233 0.000008734770233 0.000006565834670 0.000464215850506 0.993321482240203 0.004392789119694 0.001616857353800 0.000000150159028 0.000032257018230 0.000153545914430 0.000000086831974 
0.000000003765137 0.999958524178349 0.000000001625027 0.000026188465907 0.000005327590549 0.000000420548731 0.000006855485134 0.000000006275570 0.000002584492287 0.000000010149499 0.000000077423810 
0.000000030656067 0.000018275389120 0.000000001973997 0.000012908103571 0.988056634945414 0.000000166915981 0.011910019479500 0.000000025133223 0.000000253172374 0.000001262570217 0.000000421660538 
0.000012048600945 0.827569647652534 0.000907940228725 0.000039207911446 0.145483586117196 0.000006266440869 0.000169873586063 0.000049723544287 0.002742673761774 0.023008949985840 0.000010082170320 
0.999999999982187 0.000000000000000 0.000000000000000 0.000000000000026 0.000000000000000 0.000000000000004 0.000000000000001 0.000000000000000 0.000000000017772 0.000000000000010 0.000000000000000 
0.000000297306845 0.000027939123253 0.000000856877316 0.932905766033730 0.066953891419388 0.000008899627961 0.000025864836281 0.000004224367197 0.000003139706969 0.000069069170515 0.000000051530546 
0.000000809825011 0.387252769351214 0.000000115526298 0.000014588301050 0.600442948651596 0.009301983254518 0.002980370526674 0.000002178775256 0.000000624117211 0.000003514554974 0.000000097116199 
0.973486917541060 0.000063787016412 0.000002236091923 0.012332208118027 0.000107296138931 0.002654415251394 0.000005625217788 0.004022704292903 0.005976854260393 0.001343105387464 0.000004850683705 
0.000004494643231 0.698790522419724 0.000003505370758 0.000022072471410 0.001651346499662 0.000146915309441 0.000003580979243 0.000003900623041 0.000005653677930 0.299364236869516 0.000003771136046 
0.932743959589506 0.000000026011826 0.000000045867706 0.046473429290378 0.000000030593308 0.000000025650711 0.000000210518028 0.004203177286874 0.016573925976333 0.000003937933192 0.000001231282138 
0.000000493934559 0.003188027794616 0.011095420763856 0.000033214873028 0.630165497544123 0.000369192341304 0.355125937256918 0.000009627732716 0.000000454179747 0.000010406886582 0.000001726692551 
0.000202179807856 0.230970999738287 0.000000478804666 0.036163204816885 0.492321599455988 0.000529209000246 0.236103946749232 0.000041823460554 0.003021073284239 0.000586734512723 0.000058750369324 
0.000000556267758 0.000000099422630 0.000000037686041 0.647299568368571 0.000000336530827 0.351429526915636 0.001254377205400 0.000010329062023 0.000000148109188 0.000000462242552 0.000004558189375 
0.000000042046065 0.000000000000363 0.000000000000335 0.000000000001950 0.000000000000113 0.000000000000003 0.000000000000005 0.000000000013448 0.999999957937317 0.000000000000398 0.000000000000002 
0.000000034776763 0.000001331790325 0.000006677536592 0.000055598940535 0.000000078319720 0.999683638044384 0.000033746413532 0.000000670336232 0.000000310275132 0.000005746472257 0.000212167094528 
0.000000000000057 0.000000000000001 0.000000000000003 0.999999999992293 0.000000000000016 0.000000000002924 0.000000000000029 0.000000000000986 0.000000000001136 0.000000000001410 0.000000000001142 
0.928799138072753 0.000001833648653 0.000001076180051 0.047220706922925 0.000018462243992 0.002120119600414 0.000000749939893 0.000109533537551 0.000037289910026 0.021689374849929 0.000001715093814 
0.000181899306882 0.000018519519336 0.000000077494003 0.002095935506326 0.087317420991324 0.016313451226243 0.026065692761717 0.000007878403447 0.851900721605521 0.016035419528513 0.000062983656688 
0.021159782866781 0.000000441639043 0.000000051567566 0.037280199658263 0.000757079012961 0.000941616071817 0.001869184698042 0.000051170931385 0.000001117012404 0.937936590001234 0.000002766540505 
0.003508470535376 0.000000045577800 0.000000201566783 0.937062701797518 0.000000565562469 0.058897002475558 0.000011819438145 0.000221917452378 0.000035037239325 0.000015752285669 0.000246486068979 
0.000000002308917 0.000000360321496 0.000000009852238 0.000000091493568 0.000000019725036 0.000000398912334 0.000000084616449 0.002193652845060 0.000000121921656 0.000000004899527 0.997805253103718 
0.000000022814642 0.031380352363195 0.000000000287858 0.000057982268897 0.000028071287453 0.000000256044059 0.000000013792466 0.000000003160507 0.000000833990936 0.968532438808915 0.000000025181070 
0.006902078524236 0.000000031263559 0.000000025992633 0.000853647103487 0.000000534089357 0.990542330416106 0.000031613614949 0.001662999004573 0.000003672115331 0.000002456107748 0.000000611768021 
0.002700415126398 0.029446513373881 0.000003289977713 0.000038805453493 0.826165826387023 0.003481507924979 0.006473490880094 0.000083753737007 0.005899428676371 0.125694644805521 0.000012323657520 
0.999984000025423 0.000000000000006 0.000000000000000 0.000000000361834 0.000000000002591 0.000000000000165 0.000000000007768 0.000000000031893 0.000000058566909 0.000015941002410 0.000000000001001 
0.421375487579306 0.006942745702683 0.000001740129629 0.093111186300471 0.203660487547343 0.062062648258993 0.026976451820736 0.000019267112168 0.123797148970577 0.062021700425414 0.000031136152680 
0.000000000010785 0.007967562334423 0.000000000145709 0.000001066629706 0.991955840694385 0.000000013543817 0.000000039392847 0.000000000000238 0.000000047655171 0.000075425383522 0.000000004209396 
0.000000006847118 0.999761959605281 0.000000011979631 0.000009805588608 0.000001088140732 0.000205119449356 0.000017855516163 0.000001966856316 0.000000050291082 0.000002103756359 0.000000031969354 
0.000074949434412 0.000009767290298 0.000014168753444 0.996106121232471 0.000100027392984 0.000807625998576 0.000006925838157 0.001500943333336 0.001378111108126 0.000001333809426 0.000000025808770 
0.000003635276737 0.000012037722242 0.026318180140398 0.006032792233127 0.000118040199414 0.533137817661945 0.151577941872979 0.010461166374145 0.000035117698686 0.000012648457101 0.272290622363226 
0.002680984381665 0.000078389211750 0.000090449918669 0.678423031525347 0.066395616230202 0.002026856424980 0.138014814890405 0.001762205295812 0.000411404252021 0.103655306475986 0.006460941393164 
0.000179823953089 0.016783781864265 0.000002650367564 0.000011587261335 0.000051576819337 0.000018958556006 0.000000043209640 0.000585987427110 0.982365122991502 0.000000259935523 0.000000207614628 
0.000000000000090 0.999999886003328 0.000000000002938 0.000000000000828 0.000000039380695 0.000000074204569 0.000000000017512 0.000000000297117 0.000000000041039 0.000000000049335 0.000000000002549 
0.000000125487928 0.000082507094678 0.000007063313571 0.002567362241746 0.118905493670473 0.000682166856631 0.877019306825762 0.000690319328689 0.000000057901863 0.000045582064452 0.000000015214206 
0.015857366124191 0.000140051387810 0.000027719313570 0.902486861369571 0.006165961786937 0.000084807960401 0.010840229117207 0.000082527321734 0.057990785779883 0.006261464679228 0.000062225159470 
0.000000022693706 0.016789556643603 0.000002827916846 0.000000065298406 0.033697952025710 0.000000148825968 0.949501457017320 0.000000006223470 0.000000044161688 0.000007911776485 0.000000007416799 
0.004974168038228 0.000002573413962 0.000012147014350 0.044484825371479 0.000208290430677 0.006898183583157 0.007948141502999 0.000022343230899 0.000200756033488 0.935225922206221 0.000022649174540 
0.045038078396059 0.001629247608760 0.000000191163461 0.000106393405597 0.000072279720407 0.003591494167418 0.003016684312685 0.000002069699852 0.000009921990908 0.946156812006794 0.000376827528060 
0.000155249276964 0.000569147748329 0.000306922435805 0.065732060162077 0.917421286145859 0.000018528166052 0.014442233334820 0.000183233640683 0.000675889947723 0.000466765067466 0.000028684074221 
0.000003942653830 0.000030244793608 0.000000310793696 0.740494923782069 0.253258011800247 0.000003865975554 0.006158965213188 0.000012937422201 0.000028659760264 0.000007514797356 0.000000623007986 
0.000000016504612 0.000000261225713 0.000000000081163 0.000000435182217 0.000000055297176 0.000000012813020 0.000000016178899 0.000000000329044 0.000000204755142 0.999998996943824 0.000000000689192 
0.999999990467405 0.000000000000002 0.000000000000002 0.000000000089531 0.000000000000054 0.000000000751147 0.000000008690720 0.000000000000197 0.000000000000746 0.000000000000155 0.000000000000041 
0.002181501866221 0.000586437353384 0.000000591075718 0.950267542905505 0.009518464740622 0.001236169603222 0.005538166941695 0.000003025658785 0.029924680331276 0.000713973500881 0.000029446022691 
0.000000162594314 0.000019841842126 0.000037699112257 0.000070286303225 0.001251168190934 0.000000202809725 0.000019154141271 0.000001732738226 0.000225412700524 0.000000627070030 0.998373712497368 
0.000002672215335 0.000101643118711 0.000000017955440 0.000068422919019 0.576665607950493 0.000003046665890 0.423080540035809 0.000008958545148 0.000000956693550 0.000068006809637 0.000000127090969 
0.000000000000349 0.000000000021895 0.000000000324225 0.000000101173208 0.000000000000937 0.000000000873562 0.000000000542919 0.971055303262879 0.000000000636675 0.000000000008659 0.028944593154692 
0.000000566313115 0.000000000015929 0.000000001441302 0.000000756019472 0.000000000006428 0.000000000001368 0.000014974246912 0.000002396242422 0.000000009260121 0.000000001197573 0.999981295255357 
0.001402838168511 0.000836064469468 0.000127576441574 0.020730591254370 0.819562324963266 0.000262832179226 0.008207106684066 0.010682858501979 0.137712812477186 0.000343753807987 0.000131241052366 
0.000001831172683 0.000000000478979 0.000000001298204 0.000000000954385 0.000000291093596 0.995157775622503 0.004839935010486 0.000000002969495 0.000000004515978 0.000000153378826 0.000000003504864 
0.001277447496943 0.000911198916417 0.000114245680652 0.542661612332812 0.008467166711011 0.000250347818003 0.301960418425221 0.000799639677395 0.001280083031220 0.140357949811959 0.001919890098368 
0.000021206680302 0.000105609279412 0.000026524696453 0.514543943454931 0.014332804939304 0.012113505190607 0.000597967401922 0.005040780653449 0.452325006170174 0.000070187921697 0.000822463611751 
0.000049840029539 0.000001998643034 0.000000256280807 0.000011507033616 0.002411100273097 0.003802098640766 0.000634688588730 0.000664848015991 0.988593462704617 0.001635131432831 0.002195068356973 
0.000000001793678 0.999992175679446 0.000000009171291 0.000000000288352 0.000000125920155 0.000000760661168 0.000000003064879 0.000000007698981 0.000000052703402 0.000006862231865 0.000000000786784 
0.000034910725948 0.000000010728990 0.000000021797808 0.997546572374950 0.000000202263114 0.000001256932358 0.000003354846832 0.000002218610537 0.000001203054953 0.002396930203539 0.000013318460971 
0.000004963237347 0.000000494943442 0.000000000786741 0.007159734789655 0.985474193190136 0.002913668498796 0.001973548003238 0.001300479366208 0.001144883562546 0.000014869590460 0.000013164031431 
0.000000019730959 0.000000726108112 0.000000045388507 0.000002831705383 0.996927809994217 0.000000905963409 0.003034535485101 0.000000309221831 0.000000376571870 0.000004948144407 0.000027491686204 
0.000188040577718 0.011944160519453 0.000012792483584 0.318401288094384 0.187844125546086 0.012740201922199 0.023044162866683 0.000678549735324 0.255678935582520 0.189354799162471 0.000112943509577 
0.000000055808224 0.000026630733805 0.000000001704806 0.000000039999671 0.568027978837308 0.000012145466286 0.431933083104332 0.000000013081791 0.000000034109340 0.000000013367297 0.000000003787140 
0.950892483320941 0.000023995019277 0.000004386388743 0.001486312172158 0.002782252912566 0.000173421713527 0.016883401840680 0.000129930056493 0.000353315801458 0.026968539952699 0.000301960821459 
0.000252501037051 0.003538136148818 0.000003610243985 0.000018116721577 0.003458794357845 0.064843720625231 0.002485316652183 0.000012470743186 0.043619315872905 0.881663158726692 0.000104858870527 
0.000014500125050 0.007851872155881 0.000124186848418 0.000419158141000 0.095798017878076 0.001380715709162 0.000369387516623 0.000019912890255 0.892549518077783 0.001347063441323 0.000125667216429 
0.000007269561214 0.000012044353177 0.000003341253160 0.975373676088700 0.011729659746197 0.000166795737340 0.000116842974383 0.000009162654544 0.012231696484710 0.000131498301355 0.000218012845220 
0.000000101904045 0.000138215817523 0.000000696168437 0.000002305524867 0.996731155021936 0.000000329432553 0.003043478423813 0.000000104111416 0.000000645039553 0.000082954010066 0.000000014545790 
0.999989829531536 0.000000005055039 0.000000000582810 0.000000043830752 0.000000009380806 0.000008098350407 0.000000027120385 0.000000002465527 0.000001558229728 0.000000423445860 0.000000002007150 
0.001177706920077 0.009370385710151 0.000637073184792 0.002747535312410 0.282649965135746 0.003831855918225 0.002330638489283 0.161710752306367 0.535220739915356 0.000230196786999 0.000093150320596 
0.988981613934289 0.000000031433566 0.000000061371545 0.000028970295730 0.000230173879211 0.000416685199680 0.001220933513183 0.000090444709556 0.008163604022461 0.000862953682986 0.000004527957795 
0.000000000051058 0.000000005446703 0.000000000274028 0.000000006111962 0.014001366780837 0.000000000138233 0.985998617086705 0.000000000791105 0.000000000206789 0.000000001281006 0.000000001831574 
0.000004556644404 0.996063686044719 0.000000236893756 0.000176099024555 0.000023814448501 0.003124552888751 0.000176416288251 0.000389501016995 0.000038165759914 0.000001734599370 0.000001236390783 
0.997289895299138 0.000000001601390 0.000000000769343 0.002185077933242 0.000000007410605 0.000176569889814 0.000000271477715 0.000000440411604 0.000002917236530 0.000344811114977 0.000000006855643 
0.000000216644544 0.000005678361292 0.002136411189889 0.014837494766298 0.979505063848240 0.000006609795307 0.000168689321060 0.003282244237585 0.000053235618137 0.000004229495362 0.000000126722286 
0.000000000000000 0.000000000000024 0.000000000000035 0.999999999481190 0.000000000147784 0.000000000000010 0.000000000053458 0.000000000021251 0.000000000244001 0.000000000000015 0.000000000052231 
0.000002133931882 0.000001029482483 0.000000000043068 0.000007054687094 0.817957969321027 0.000000022912704 0.161212110276344 0.011969729881619 0.000463741011729 0.000008110173263 0.008378098278786 
0.999999999998082 0.000000000000000 0.000000000000000 0.000000000000015 0.000000000000000 0.000000000000000 0.000000000000000 0.000000000000000 0.000000000001488 0.000000000000415 0.000000000000000 
0.000000036730706 0.000003826267607 0.000000413002271 0.000037561808875 0.998827942211924 0.000464219644867 0.000564255866584 0.000000347311854 0.000000814572220 0.000011642064775 0.000088940518317 
0.000475657668763 0.751238466442670 0.046996970079698 0.003271135372110 0.008739684872528 0.003028623219463 0.001584585934667 0.171337129514773 0.009430311540258 0.003186665694247 0.000710769660821 
0.000000000092180 0.000010410442525 0.000000006723606 0.000484762650801 0.000000048836827 0.000000154792370 0.000000017839136 0.000005614819218 0.999498958958101 0.000000000789232 0.000000024056005 
0.000013798028712 0.000540030562416 0.000000293190044 0.995634732657885 0.000528559686724 0.000042493695979 0.002122342552080 0.000119866513369 0.000725227743886 0.000098732358036 0.000173923010868 
0.000000058289976 0.000000082778481 0.000000017176963 0.000000192640572 0.000331773946696 0.000000004513438 0.999663352278140 0.000000071409801 0.000000001584976 0.000004445328874 0.000000000052083 
0.000013293971620 0.004605519114587 0.000002569601095 0.013208167547214 0.004729244155863 0.000982658516621 0.008999197366147 0.000023721235765 0.000218449020342 0.967190417532301 0.000026761938445 
0.000000402092944 0.555074704230984 0.000000355410431 0.000015289678393 0.000261107183008 0.283194150588990 0.000012366336542 0.161318828321155 0.000099318612037 0.000001117448527 0.000022360096989 
0.000003140010212 0.000065654165716 0.000000452370408 0.001186954488355 0.386685141160076 0.516766316427653 0.092698359278414 0.000010828440496 0.000001839835292 0.002581113185569 0.000000200637808 
0.000000033023547 0.000000525432031 0.000000533847832 0.999895009018538 0.000016471565009 0.000000776128299 0.000000670621464 0.000062135380529 0.000023539398788 0.000000304429898 0.000000001154065 
0.000005642274446 0.000068878959555 0.000000107029290 0.952701826446528 0.000733976678405 0.000036469097379 0.000078943440642 0.000000102850094 0.000548582267514 0.045822808797660 0.000002662158486 
0.000596805527320 0.065921591714212 0.000187847659107 0.004239112500692 0.050652877040459 0.001019473208328 0.281551683606220 0.005986021681506 0.000655639641116 0.589153070245642 0.000035877175395 
0.000000550278433 0.000002768841809 0.000000063419057 0.000014856880827 0.000205098246030 0.000000280817332 0.576845135389690 0.000000105207479 0.000014513352870 0.000000519083311 0.422916108483163 
0.000000000000001 0.000000000000001 0.000000004064155 0.000000000000988 0.000000000000028 0.000000000000000 0.000000000000560 0.000000000000132 0.000000000000034 0.000000000000002 0.999999995934099 
0.000000302015129 0.000000050083775 0.000000001469463 0.000221362544947 0.000006894071451 0.000000068248613 0.000001010000506 0.000001149362950 0.999761302811039 0.000007569233689 0.000000290158438 
0.000000061850772 0.000246938497400 0.000000975445789 0.998759519310039 0.000000644847972 0.000249365404134 0.000032962788606 0.000001916689171 0.000001111065325 0.000687677038710 0.000018827062082 
0.000002179135488 0.000023926418690 0.000000074542431 0.000002084262828 0.000014009746038 0.000010073157704 0.000000152567712 0.000005958878147 0.999572766310054 0.000366846400421 0.000001928580486 
0.001836250332011 0.000275092363431 0.000112381227490 0.003892889287329 0.016166830274807 0.000026983806000 0.212574311692490 0.000497247011817 0.762873045860503 0.001056648101296 0.000688320042826 
0.000585980001642 0.000189726898552 0.000017262657838 0.011626307091383 0.192523915643697 0.062023936500141 0.152129233973544 0.000538482857398 0.573323645218073 0.005881479718875 0.001160029438857 
0.999856022461211 0.000000019848369 0.000000001297698 0.000000022849788 0.000000004275503 0.000000004592350 0.000000220049572 0.000000010445611 0.000000021191112 0.000143672523878 0.000000000464907 
0.001111396002662 0.683268489255002 0.000046065908485 0.068807853297324 0.006108479483577 0.000232956831570 0.000043420998659 0.000495828531418 0.239800633695133 0.000014884541098 0.000069991455070 
0.001007025393892 0.109199974608570 0.014320138464416 0.013606965500581 0.246078559075702 0.017273833305503 0.038155267850831 0.147971669151570 0.385049089282074 0.014812061732651 0.012525415634211 
0.000055562014630 0.000024581638890 0.000000008621983 0.759237392582474 0.005065660321471 0.000280327560312 0.000228962853287 0.000301781962358 0.010930690759634 0.223534217036134 0.000340814648826 
0.000000427287954 0.015972964799207 0.014923506586064 0.000018557107550 0.623661400092713 0.000672581216369 0.344680393854145 0.000021939372902 0.000003040046684 0.000044997722259 0.000000191914153 
0.000018332340322 0.000225717164463 0.000002174321650 0.047904117059025 0.003269808602502 0.001274753022306 0.924997885765741 0.000467390562695 0.021402365468945 0.000220622419397 0.000216833272956 
0.052966392442742 0.000952883724794 0.000325152039424 0.157418459629912 0.007732727199588 0.002066523253627 0.015897209768498 0.058675813583309 0.331125549660156 0.029675583626129 0.343163705071822 
0.000000000583489 0.000011204834564 0.000000004011642 0.000000004282944 0.999964785307245 0.000001221116181 0.000004249559552 0.000000000065769 0.000000008039369 0.000018520816999 0.000000001382247 
0.000004682634209 0.001704649534056 0.000000124217007 0.000007511745158 0.000059055921481 0.000110814188006 0.998076111801083 0.000000423968897 0.000028554793394 0.000008057584459 0.000000013612250 
0.037140717758660 0.000000147654405 0.000000104638802 0.000140785740041 0.000205776197947 0.000017910169150 0.962134141810305 0.000001356718831 0.000011449214906 0.000347581496732 0.000000028600221 
0.000000031505285 0.000883852361102 0.000000953391203 0.835027582616835 0.163654051440269 0.000388118240347 0.000019937712451 0.000000863950362 0.000007598189813 0.000016256031943 0.000000754560390 
0.000033310257661 0.000077647968534 0.000031381714654 0.885161494872409 0.006983010366819 0.000039463468167 0.006458584062784 0.007822937382919 0.001131514621734 0.091582491120998 0.000678164163321 
0.000548636290355 0.001047298978237 0.000002137903610 0.133632092847577 0.007453624679106 0.820767967890373 0.001821230639583 0.000054907817144 0.029368728393751 0.000309208475427 0.004994166084837 
0.000000002659575 0.000000417233682 0.999880622378362 0.000000033305297 0.000087939684249 0.000000731701360 0.000028748372968 0.000000293344461 0.000001191140407 0.000000019428410 0.000000000751230 
0.000013351775330 0.000003982737351 0.000000032593883 0.001005529311090 0.000001927703426 0.018747193862817 0.000397923334382 0.000000211764464 0.000004687968625 0.979825094333758 0.000000064614874 
0.184685308187705 0.000000000344574 0.000000037048724 0.000005762541551 0.000000036157482 0.808574919753723 0.000000342480218 0.002532896070178 0.003859637780594 0.000339043568181 0.000002016067071 
0.000012136145171 0.155215259592952 0.000005194229013 0.599342322604768 0.017276253439689 0.045110855907894 0.007557518722701 0.000025597589938 0.000019655126680 0.175434003725682 0.000001202915513 
0.000000301870966 0.000005410309949 0.000000006780763 0.997008309243553 0.002897647219751 0.000000024726355 0.000029440297030 0.000000210046653 0.000000282012011 0.000047543942238 0.000010823550730 
0.681213593495313 0.000020225439289 0.000001377046768 0.278262775767227 0.001870198553942 0.014795689728742 0.001305055937458 0.000001976388487 0.011277007336350 0.003783213965561 0.007468886340862 
0.000000128566200 0.000000067044994 0.000000002638746 0.001121181892469 0.002642785276657 0.000000233829905 0.058838322749097 0.824076520302876 0.000146595731008 0.000006167654804 0.113167994313245 
0.033126570396200 0.000445011876401 0.000015320487276 0.018876460910464 0.000031338612716 0.003233016787805 0.000019682127104 0.010823889601189 0.931564742737027 0.001850736543299 0.000013229920517 
0.000004608909393 0.040688112587823 0.000007669422006 0.000059091864284 0.894304191079907 0.006711456394397 0.002359090057374 0.000007929272211 0.000046677220165 0.055810720566280 0.000000452626161 
0.000000427768672 0.000000004472344 0.000000005307880 0.001208115859038 0.003145686045109 0.000002667157460 0.992842463780979 0.000000032476039 0.000000808218597 0.000000061655508 0.002799727258374 
0.000000000000001 0.000000000000003 0.000000005339040 0.000000000006480 0.000000001248654 0.000000000000395 0.000000000242245 0.000000000000026 0.000000000000022 0.000000000000077 0.999999993163056 
0.604165894469387 0.000001047801436 0.000000068485317 0.036983757136276 0.000031776407087 0.001414517975836 0.357326103473148 0.000013879932597 0.000019996236861 0.000035889116893 0.000007068965162 
0.000002669888347 0.000027168185935 0.000002031240427 0.983867639212236 0.000003858531436 0.000330640490600 0.000847759217623 0.000133225056728 0.000003617042323 0.004254517565596 0.010526873568749 
0.000000011247292 0.000000010870660 0.000240608735832 0.000000036262618 0.000000000119845 0.000000001080180 0.000000836050811 0.999681604144376 0.000000317202189 0.000000117773983 0.000076456512215 
0.935916205782874 0.000001076765056 0.000000000757128 0.000000136022934 0.000022112238372 0.000000002031159 0.000000000598060 0.000000003306124 0.064060371840734 0.000000057712657 0.000000032944901 
0.010054842632941 0.000002374767770 0.000000143853429 0.000011688303623 0.000009844960023 0.989643099400403 0.000000160861690 0.000000275981802 0.000008871107534 0.000035954011068 0.000232744119715 
0.000414572365216 0.001637240601550 0.008508454061732 0.249206598354727 0.000074445517096 0.000032003572708 0.034572627792472 0.260127596059919 0.032316963066513 0.000656496619002 0.412453001989067 
0.001204627520995 0.000200589695724 0.000000034969315 0.006711419026275 0.290693779198695 0.000011934289019 0.126406184427748 0.000021830229574 0.000038249698846 0.574678301138121 0.000033049805688 
0.000134141214665 0.000000053849244 0.000000000143296 0.999492656614026 0.000166265030727 0.000003685296876 0.000070465489958 0.000000344188119 0.000012625607412 0.000119345552273 0.000000417013404 
0.997622832586355 0.000033027500424 0.000000044894973 0.000000231765443 0.000001618323215 0.001651782952233 0.000377658580246 0.000044296273798 0.000051032901930 0.000217472098731 0.000000002122651 
0.000060688235207 0.000016537224342 0.000000015024154 0.000654259368412 0.429060777608538 0.000009356898330 0.561689149241596 0.000036128457841 0.000023041498220 0.008449426604749 0.000000619838611 
0.000001780878591 0.000162706315924 0.000049907776531 0.906083580444240 0.009905513823152 0.002132428676639 0.000498020296848 0.000253663055423 0.077181636065435 0.003614059131899 0.000116703535319 
0.002814090678530 0.004877189745884 0.000112458072268 0.012937436751519 0.385339661205178 0.000329807932148 0.545059619491245 0.014190818659900 0.027646390646268 0.006587350257120 0.000105176559941 
0.000000000000095 0.000000000000008 0.000000000174758 0.000000000001275 0.000000000000223 0.000000000000002 0.000000002065053 0.000000000000107 0.000000000000703 0.000000000000868 0.999999997756906 
0.000266437525753 0.347955470133871 0.000042668024168 0.486708077029773 0.000043886633217 0.009896731114900 0.045906857748943 0.108942967592820 0.000124716079667 0.000084751190316 0.000027436926572 
0.113806376750796 0.000026927655226 0.000003182076063 0.072861367103872 0.000002876872693 0.000003934854219 0.509942796060072 0.289292577483829 0.000155386231531 0.013003630072641 0.000900944839057 
0.000332174495251 0.054942937132422 0.012481370092477 0.003879289971940 0.629650648863960 0.000146657570785 0.215313507397578 0.001668583628579 0.074015545092963 0.001248041022458 0.006321244731585 
0.000000217421503 0.000000223304851 0.000000035348921 0.000010144671599 0.000005770337679 0.004518894223272 0.000136133034440 0.000005132190684 0.000000836634989 0.000009550634595 0.995313062197467 
0.000818444136641 0.004024930986864 0.000004480761652 0.768059930495662 0.000225167156372 0.000053233241614 0.005031397429950 0.000919938705700 0.000105874353171 0.220667659080557 0.000088943651818 
0.975237801702875 0.000000626708737 0.000000012095602 0.000216642086188 0.000000179447359 0.000000165695522 0.000002566601421 0.000000036002987 0.024508287862324 0.000033669305942 0.000000012491044 
0.000007481689220 0.000000462498761 0.000000012925523 0.002055816965551 0.001770767943882 0.000000483767238 0.981157815889124 0.004244327217973 0.000112295366186 0.000017100344305 0.010633435392238 
0.000257656829373 0.000021598506760 0.000000426916934 0.000610546330934 0.001993195045729 0.200320563686007 0.015729672579766 0.000010534274517 0.780620332622485 0.000401180792901 0.000034292414593 
0.010994037090238 0.000039787720005 0.000010137569976 0.876689641428380 0.084820990624195 0.003659897139706 0.015978164047815 0.000176160995152 0.004740549432945 0.002631442153164 0.000259191798424 
0.001287690772497 0.001680380936103 0.000051308467363 0.916205345071151 0.000440871651928 0.057911183353986 0.006732055465606 0.000067404096458 0.000116619417902 0.015505278516335 0.000001862250671 
0.999999723120991 0.000000000000278 0.000000000000004 0.000000000000439 0.000000000002182 0.000000000024483 0.000000000007258 0.000000000006288 0.000000276683861 0.000000000154040 0.000000000000175 
0.000000743388358 0.000002180694313 0.000001329434041 0.000154189646915 0.000000325746215 0.000000010185128 0.000366630056142 0.000105541402664 0.000095925640984 0.000000099146504 0.999273024658735 
0.019253198046085 0.000018055538109 0.000001137897724 0.002540642950711 0.228025434874486 0.075676462379907 0.063806634833521 0.000075404160926 0.000027288693481 0.610572584003083 0.000003156621967 
