0.000000655638367 0.000174059133328 0.000000103292045 0.000000021174135 0.000000005385016 0.000000006195544 0.000000442758452 0.000000160803057 0.999824545620056 
0.000029164014111 0.000058760834662 0.000860029383741 0.928360638922958 0.000239007649048 0.000017403573450 0.000454862672996 0.062765796088194 0.007214336860840 
0.000029932858904 0.000000535056375 0.000000169394805 0.000108829652317 0.000001199358508 0.001571093003930 0.675573228564324 0.322705956750934 0.000009055359904 
0.000043309897479 0.000264674610891 0.002072535856801 0.989140030045889 0.000044275929981 0.001129438841696 0.005971606036761 0.001325787879968 0.000008340900533 
0.001306048467527 0.002867544651836 0.006639031813225 0.020163038308518 0.021342304753155 0.001864636525476 0.048590310645497 0.821380237413745 0.075846847421021 
0.987883225090116 0.011158309840879 0.000026043436444 0.000005051977630 0.000031026037662 0.000001214763948 0.000000299332518 0.000006271651873 0.000888557868931 
0.000000067998007 0.000000009005976 0.000000012987254 0.000006291396858 0.000000002488023 0.000196325328416 0.999792585624177 0.000002469031385 0.000002236139904 
0.000000286013012 0.000002832336604 0.998742259864297 0.000001748034522 0.000006247753919 0.000058536589848 0.001182294151579 0.000000048462839 0.000005746793380 
0.000609427737764 0.001304389484121 0.008834107686009 0.087850376738145 0.041723607806060 0.000511803305371 0.033527235316387 0.771977267269418 0.053661784656722 
0.000033656338135 0.996546811098087 0.000439191129501 0.000282147615456 0.002033963014966 0.000099276748846 0.000051836337167 0.000391869310666 0.000121248407177 
0.000772482048533 0.000379934462354 0.005670693900967 0.006948740995045 0.022900769013562 0.016528885577392 0.246766733440175 0.676954113454154 0.023077647107818 
0.000016152261933 0.002561056371919 0.016285169038027 0.001015556988026 0.000266091463557 0.978709452551238 0.001091527311472 0.000003319220936 0.000051674792891 
0.003826571256975 0.886298825938489 0.015809470655988 0.060988429695913 0.006993591075747 0.007421581458708 0.002556589564784 0.010695351085520 0.005409589267876 
0.000990293020182 0.015555053975719 0.036096344518457 0.071191512178469 0.003265900734009 0.003534937434541 0.046987039122776 0.165542109469452 0.656836809546394 
0.001030867533334 0.001652221445632 0.015043285013283 0.000111291845772 0.000201799774826 0.730274662302902 0.015697551002864 0.201738178998391 0.034250142082996 
0.000009353064179 0.000929302225420 0.007190442619761 0.001100040206286 0.000003720373287 0.000141924327310 0.215527547134689 0.000720751205649 0.774376918843418 
0.000000328114975 0.000003326542918 0.999708286635313 0.000285776147141 0.000000421767444 0.000000779898732 0.000000239289492 0.000000838256451 0.000000003347534 
0.156537461396865 0.000885781787056 0.009891455971031 0.002883357319907 0.001644185872351 0.013932696600418 0.458080691671093 0.019628485466430 0.336515883914849 
0.003923235096803 0.000022199413558 0.000673091899430 0.000013528138806 0.000000860382580 0.995202857479988 0.000000249709228 0.000158110771405 0.000005867108202 
0.005970511933516 0.241232856061345 0.047455179434973 0.100477585697169 0.000205264204897 0.480964120965293 0.018123957371151 0.071118868029676 0.034451656301979 
0.000000071791303 0.000000000567784 0.000000000780692 0.000000000063073 0.000000001892191 0.999999509044022 0.000000001738331 0.000000271593197 0.000000142529407 
0.000479916923774 0.000710382113614 0.349487478616571 0.008997643722705 0.000212062917956 0.263482706137289 0.032891943010101 0.342320603292116 0.001417263265873 
0.000004827270825 0.000000728207868 0.684580322341803 0.000012661314742 0.000001033345153 0.314261669865261 0.000190472011283 0.000947788391264 0.000000497251801 
0.000050292900529 0.000944699723960 0.000066276403216 0.000794648536601 0.000171803936847 0.002645020049929 0.005861107890870 0.000728879136403 0.988737271421645 
0.007310081899166 0.782492609323077 0.024042605301829 0.018828778626882 0.110426978826285 0.004737523247001 0.005320804306801 0.044068686670165 0.002771931798794 
0.006993455495317 0.297470417330200 0.009702967654645 0.059407339687384 0.312293915895269 0.038094456867111 0.001144256158306 0.273591134613751 0.001302056298017 
0.000000470285150 0.000448816417002 0.000052614246723 0.999033842378494 0.000000233335939 0.000056245381627 0.000397364475297 0.000005501957474 0.000004911522294 
0.000001082620467 0.011420719225330 0.002700965175922 0.000037535398986 0.000006231234459 0.000628463757114 0.002159116654273 0.000517552236777 0.982528333696672 
0.000004352531710 0.087582604476986 0.179804904499460 0.000066256771978 0.002538588960214 0.001323463811383 0.003045366938612 0.050850624273951 0.674783837735706 
0.014586208736551 0.000521939538313 0.000918343730091 0.000674297733309 0.000787278258222 0.000230189240220 0.051921682381176 0.929778583186803 0.000581477195314 
0.000000276906813 0.000001312318939 0.000000292645223 0.000077990401001 0.000010754128798 0.000140136332876 0.999425362230499 0.000343819137155 0.000000055898695 
0.001204699005382 0.272969412743704 0.001814590364359 0.006825913973771 0.000028197830057 0.675301830805086 0.020862217496293 0.020615428415428 0.000377709365920 
0.007127605370212 0.005078020017654 0.128732219020303 0.005276644716228 0.000658957937234 0.001328332538639 0.185488785614161 0.666229646259998 0.000079788525572 
0.000000118458648 0.000002008601396 0.000089424854388 0.000001084033338 0.000002258065914 0.999518214958631 0.000367652668481 0.000001518417474 0.000017719941731 
0.000119517324507 0.000004812084392 0.000020147703986 0.004727114891239 0.000023992717236 0.000051373390087 0.988160423799857 0.006822084408020 0.000070533680676 
0.000000701671838 0.000088019690839 0.000007259134080 0.000018030243619 0.000713409471205 0.002184212321592 0.981964610977231 0.000013777137963 0.015009979351633 
0.000011691473615 0.000839952905409 0.000168273364271 0.000007308074445 0.000987980366194 0.049702962863961 0.002153672547018 0.946124858710796 0.000003299694292 
0.049702812264248 0.023431527305643 0.039825501021538 0.001083848828615 0.164774592900248 0.122069729690169 0.000707235505128 0.596505484698052 0.001899267786359 
0.000000031035370 0.000141326418521 0.000070690149837 0.000000270582629 0.000539607616765 0.999122067454414 0.000000599117368 0.000124507037425 0.000000900587672 
0.000788784159081 0.001292757380989 0.024299054540787 0.061615129047390 0.013844311715428 0.000709899010215 0.005654843540953 0.888626881712881 0.003168338892277 
0.001043036362799 0.003641890952021 0.021526528087271 0.604272973712953 0.000008665081407 0.008387135460121 0.045807417816857 0.000352228924553 0.314960123602018 
0.000000170313134 0.000000000291207 0.000000000412058 0.000000002756740 0.999992868273504 0.000000000010246 0.000000000005193 0.000006957174479 0.000000000763440 
0.000112898888884 0.003536959113604 0.146292398815920 0.020463367788696 0.001456486968918 0.023359070116963 0.796619660157993 0.002917004841189 0.005242153307832 
0.000000089829757 0.000002092691458 0.000018792183584 0.995540432144096 0.000011504071504 0.000104680935729 0.004256365970240 0.000062864399424 0.000003177774206 
0.000000036412282 0.000000170822181 0.000002183154521 0.000000001647808 0.000000004907017 0.000004560265562 0.000000001262920 0.000002740391680 0.999990301136029 
0.000617963517581 0.326952252590528 0.001812168407988 0.065486508458567 0.000127193483936 0.345469424770654 0.150537789198843 0.104930071617189 0.004066627954714 
0.000282661574798 0.273432572083464 0.020254663316899 0.000042184815469 0.000155653180956 0.151017398841763 0.002549499471697 0.552252326078888 0.000013040636065 
0.000007468834933 0.992447130230869 0.003179213190650 0.001269736935806 0.000745864554089 0.000636148496300 0.000411150373908 0.001286275382706 0.000017012000739 
0.007139961742748 0.000774124487454 0.750010658811937 0.011855233529929 0.158305612038945 0.035314103551324 0.006056411228737 0.010479588555791 0.020064306053135 
0.004018190412865 0.000050181279269 0.126444914550736 0.019669648359214 0.000356160700256 0.000045604757135 0.002973946192480 0.845955497869260 0.000485855878786 
0.000004018626642 0.022022946529092 0.000016829111477 0.000002902522576 0.973390106837991 0.000094947130233 0.000002594724156 0.004156839017330 0.000308815500502 
0.999999999465310 0.000000000000001 0.000000000000000 0.000000000000000 0.000000000000015 0.000000000000000 0.000000000000000 0.000000000534660 0.000000000000013 
0.000000000073302 0.000000002652510 0.000000000252058 0.999999623220184 0.000000000069857 0.000000000027171 0.000000373342213 0.000000000144823 0.000000000217881 
0.000001046388794 0.990440420318245 0.007361617762039 0.000007522473390 0.001136015214451 0.000079410054577 0.000029699048023 0.000944160329404 0.000000108411077 
0.000302021679218 0.783674316414206 0.036440453641246 0.002271802391049 0.002207660861551 0.052980796690712 0.080110226798030 0.041784586240805 0.000228135283183 
0.000057107431846 0.000159653247944 0.026768049250018 0.000179048060302 0.001888143335611 0.929994790135597 0.040168334415837 0.000054326615485 0.000730547507361 
0.000010106706154 0.000022193271983 0.000060381887197 0.000509421199923 0.000243598207910 0.000078050743988 0.014306928066739 0.984627995343394 0.000141324572712 
0.004734894216062 0.030254301887888 0.001643584266728 0.012894493832214 0.001426122731894 0.687037850148873 0.041742775129676 0.216911488999012 0.003354488787652 
0.000018746691152 0.000093718655252 0.001347191406889 0.000317737434793 0.000000303998432 0.000307807031330 0.997659450374026 0.000124384834657 0.000130659573469 
0.000000139799826 0.000001025167797 0.000017846480246 0.003599809850205 0.000016146709837 0.000129342290327 0.996103357389044 0.000127242065985 0.000005090246734 
0.005419606723571 0.811855405769168 0.000068710878293 0.051820833140582 0.003079142818570 0.000042021757992 0.118068179808321 0.000053016730395 0.009593082373108 
0.000018073950232 0.000233282855147 0.001409191885031 0.033413045544994 0.000017433117257 0.005308856209286 0.959446359170319 0.000051001838846 0.000102755428889 
0.003937829280881 0.000151174093008 0.000373815405178 0.004982714523369 0.000078319930163 0.526845231765686 0.051839729162709 0.002319880852192 0.409471304986813 
0.000070987571576 0.000010542353533 0.000010538875130 0.009492058812058 0.000001150079205 0.000397995943689 0.989604664427854 0.000411728772545 0.000000333164410 
0.000000106228315 0.999999359141370 0.000000000888407 0.000000001555684 0.000000001377879 0.000000443574246 0.000000080035813 0.000000005359685 0.000000001838601 
0.000052289212963 0.000004976267424 0.000134250854277 0.000028036019571 0.000049948880713 0.066474260840988 0.000410754370312 0.932831717714638 0.000013765839114 
0.000019629812968 0.000472661496655 0.001463185928946 0.001356132910649 0.000183306475288 0.005513161322719 0.052624100615651 0.000420111217754 0.937947710219369 
0.999933716097696 0.000024310400718 0.000040663231121 0.000001198636034 0.000000000774413 0.000000064766568 0.000000002597111 0.000000001733391 0.000000041762949 
0.000372254380769 0.001239207622027 0.199751113852958 0.156072736916127 0.000102016793292 0.384318701759356 0.238732137752559 0.019295196151581 0.000116634771331 
0.000097502876582 0.000404773592924 0.918041504977572 0.081432349005456 0.000000913536344 0.000001491538117 0.000007327598829 0.000007446379052 0.000006690495124 
0.000052412620571 0.001164057950744 0.013830719016265 0.001028120249005 0.000414211789937 0.022886612529942 0.941808660948287 0.000161922433160 0.018653282462090 
0.127417106242154 0.116267550607604 0.248632774343529 0.003668992150798 0.148276830957866 0.050793378725531 0.010118010018556 0.239879570073182 0.054945786880779 
0.000185116068953 0.096269134086156 0.054512375490435 0.791245075000430 0.002652699363039 0.014466979101906 0.013945874769835 0.001374469377152 0.025348276742095 
0.000017922253195 0.001236924252852 0.000080200723494 0.978869032704983 0.000000344139953 0.000014355069226 0.019778349047798 0.000002650380292 0.000000221428207 
0.000104911456085 0.007209296978123 0.006218330361195 0.670880775952788 0.016373962816111 0.073632127102797 0.175990750563578 0.026528001620549 0.023061843148773 
0.000008827063503 0.000019075072924 0.001059764931939 0.000000044933682 0.499789555692874 0.476809538697942 0.000000108676728 0.022312947630493 0.000000137299913 
0.999291762060934 0.000451051746020 0.000234510900099 0.000020424232614 0.000000017328063 0.000000333524841 0.000000518700865 0.000000511868291 0.000000869638274 
0.000092357710930 0.009884856316284 0.006188606381160 0.000125204600096 0.005521021629580 0.283980030624545 0.000524633120374 0.693661383208961 0.000021906408070 
0.048864352717218 0.000657705607594 0.010073297866991 0.000266186828850 0.000208310014903 0.000474565821647 0.000057476342384 0.000001135523101 0.939396969277313 
0.000694966348143 0.266303902030024 0.057037568400503 0.016965436807490 0.007718716899326 0.243858501567951 0.047363417379207 0.349781315193330 0.010276175374025 
0.000454226343193 0.001906235487273 0.007103164209726 0.229251659082280 0.016752899505741 0.002066239623231 0.269384667302109 0.460660048063313 0.012420860383136 
0.000000000000239 0.000000000008979 0.000000000005396 0.000000030990038 0.000000000000013 0.000000001558581 0.999999967393136 0.000000000039669 0.000000000003948 
0.565398949467343 0.000005866433488 0.000350258644623 0.000016722362010 0.000350978464262 0.269166887597317 0.000000267233323 0.013738492810567 0.150971576987067 
0.999800957138334 0.000199041131693 0.000000000033315 0.000000000620279 0.000000000002030 0.000000000000165 0.000000000000493 0.000000000000822 0.000000001072869 
0.000000857542991 0.000028309375354 0.000001336342005 0.000090786267426 0.000000066715100 0.005604841374374 0.994202348031643 0.000001688543013 0.000069765808094 
0.000031087956018 0.000317605636970 0.000179006206399 0.010778950439136 0.002111189850795 0.001691609087745 0.001876188262848 0.981159660258466 0.001854702301622 
0.000000000921568 0.000000008876354 0.000000001633265 0.996132529485693 0.000000000081234 0.000140595305454 0.003682273316367 0.000044505180114 0.000000085199952 
0.000018231303934 0.011607423309976 0.002166644882501 0.000414523684527 0.000335070217030 0.098215577581191 0.885688079565534 0.000842547561064 0.000711901894244 
0.036400122990366 0.068607931905558 0.153259130704225 0.518055382979538 0.064610255592698 0.015672258164646 0.024101694602793 0.015636722486866 0.103656500573310 
0.000000003603611 0.000000036036289 0.000000038706845 0.999970620855447 0.000000129763876 0.000005105616347 0.000020746367651 0.000003279139952 0.000000039909982 
0.000027763603004 0.983306271156461 0.000071316371717 0.001125756933774 0.000007687040957 0.001481168997878 0.000942946850036 0.010428272626500 0.002608816419673 
0.000000000000000 0.000000000000000 0.000000000000000 1.000000000000000 0.000000000000000 0.000000000000000 0.000000000000000 0.000000000000000 0.000000000000000 
0.000143020343956 0.006941428621552 0.001336389542822 0.003066759929087 0.007832201295601 0.118381398942707 0.423914424809928 0.228853396041058 0.209530980473289 
0.003954736828265 0.003076473758432 0.346119488345403 0.015114492586604 0.015982335122518 0.223016120364981 0.303100385972595 0.052288688022689 0.037347278998514 
0.003046355110989 0.916311919706044 0.003579119535663 0.000756355958080 0.008120127292002 0.064566572958601 0.000390825867603 0.001933780374618 0.001294943196400 
0.005180940929151 0.181376809247423 0.005801268997713 0.003569968193364 0.023918798223550 0.022965467768564 0.647803031447238 0.103683883275028 0.005699831917968 
0.061457183293233 0.020378913732956 0.008818658189486 0.000287477904887 0.001060988187000 0.019665202940902 0.886925267565865 0.000109013966246 0.001297294219425 
0.007638620574050 0.003711889453899 0.974219885933346 0.005738151004244 0.000012558683174 0.001410089297214 0.006795135807171 0.000104176055862 0.000369493191041 
0.000456506811147 0.001527417409152 0.048222626545185 0.865396982801844 0.000487925934266 0.000289609545309 0.004815829676985 0.001955954562049 0.076847146714065 
0.289344106197469 0.000954618646490 0.007071012346531 0.004038473034219 0.528216722462648 0.000818637962329 0.004552409524882 0.146686353654757 0.018317666170675 
0.000000002634547 0.000000000118877 0.000000002391812 0.000000000178289 0.000000001463120 0.999026053526464 0.000000003769308 0.000001284136023 0.000972651781559 
0.000179189245718 0.001507547573539 0.743833490745857 0.042219289215581 0.000297823933884 0.000123168395235 0.005947572820622 0.205889003790452 0.000002914279111 
0.007359575339567 0.002727954968366 0.018024793605501 0.385457998071249 0.020719043074214 0.497359066300358 0.012021590393765 0.053127316587555 0.003202661659424 
0.000000000404194 0.000000044560183 0.000000031141169 0.999944867246242 0.000000005230886 0.000000035921669 0.000054074105166 0.000000940602571 0.000000000787920 
0.000853020478089 0.000011512962268 0.000142430413531 0.001525971528916 0.000949327229593 0.000300733218464 0.959438555502836 0.035330205408810 0.001448243257492 
0.000150329208811 0.026849906419216 0.031094853887274 0.797995003084197 0.000683787785669 0.000014395240262 0.117099305016757 0.000369687337500 0.025742732020314 
0.000000000105725 0.000000002980854 0.000000005851844 0.999999985161746 0.000000004872128 0.000000000023670 0.000000000343419 0.000000000389803 0.000000000270811 
0.000008566222668 0.000036338466857 0.002802499210475 0.993954662294221 0.000010609999158 0.000000893567746 0.000119675016509 0.000830166989916 0.002236588232452 
0.000006462302009 0.169491083954888 0.804660398668899 0.021054626525238 0.000413172673978 0.000004694284019 0.003575118503400 0.000639678433471 0.000154764654098 
0.000032142379388 0.000208477764307 0.976925221833019 0.022165568370259 0.000187049144949 0.000001466099378 0.000034036565055 0.000007335131869 0.000438702711775 
0.000141360498202 0.039174658596330 0.451483159595173 0.037963496262847 0.093846650584839 0.044043380706847 0.233044185603244 0.047752005849742 0.052551102302775 
0.000039171155034 0.055481817584278 0.009530368230265 0.002286422470366 0.000686578546791 0.205212362171416 0.723416664770055 0.001469313604433 0.001877301467362 
0.000003036785459 0.000003780663568 0.000016087274266 0.001837313154320 0.000000117382146 0.000022415431797 0.998110770074161 0.000002209551472 0.000004269682810 
0.000000258163364 0.874884623385049 0.000037344188272 0.000013113697540 0.008408406831765 0.105519104167058 0.000168584532012 0.010957805338981 0.000010759695958 
0.000513761537072 0.014663742394301 0.011591255100520 0.036392544897727 0.197167563464297 0.001942846067588 0.002859920831526 0.001040898146809 0.733827467560159 
0.111545916151285 0.000007583854572 0.000020464907482 0.000018428927727 0.000065302582854 0.000098533007066 0.000058386902310 0.001742840598857 0.886442543067847 
0.000024292748852 0.004139283170712 0.000002138357273 0.000009773629629 0.000011391505028 0.000408964724704 0.182898732558188 0.812237370524745 0.000268052780868 
0.000227238433088 0.012801782938281 0.047446110598576 0.001964061559297 0.000086212039066 0.006644088774582 0.121579035990893 0.000756422310707 0.808495047355508 
0.000003730375936 0.738147549884618 0.254821611271823 0.001011836237086 0.000103828345937 0.000138470736666 0.005610746275985 0.000133486322004 0.000028740549946 
0.000680544729514 0.000001602049185 0.000002750337277 0.000000714647082 0.000289435811443 0.016639647833477 0.000000005049195 0.167849588413759 0.814535711129068 
0.000012999480580 0.000394807538270 0.000418887505790 0.985209316139045 0.000391337125197 0.000044986812950 0.001644619618117 0.011870355080565 0.000012690699486 
0.000009706320184 0.005450852179734 0.007064780589723 0.000061724889108 0.979509523059732 0.000636113011560 0.000128098210428 0.007129292206376 0.000009909533154 
0.002414367548193 0.007013152874167 0.069773715354877 0.002832125154989 0.014124888285367 0.016810242411700 0.116046081670424 0.000679789129895 0.770305637570387 
0.000186685421499 0.002911037897348 0.002239135118171 0.000015539496782 0.000088823829332 0.993535390448350 0.000023781190720 0.000945127616537 0.000054478981260 
0.000077337513579 0.000181339168417 0.004638976952062 0.727521722319678 0.000057645900638 0.000000397412353 0.000634928336387 0.266401310369494 0.000486342027391 
0.000026443761416 0.007625034051254 0.019005529976648 0.003511800918963 0.917511384679454 0.038877861994301 0.008785388890536 0.004194017009816 0.000462538717612 
0.203855543867876 0.323999387291625 0.161675562206818 0.016568538479056 0.281328105867440 0.000462805511230 0.002237863519341 0.002205758905944 0.007666434350669 
0.000386541128812 0.002164509976139 0.908870842724261 0.007232197969888 0.000876641628853 0.001082640534915 0.073925882014162 0.000121420323724 0.005339323699245 
0.005011119535750 0.000005705237596 0.002661658302030 0.000002004660319 0.000001121676711 0.991708635930566 0.000002466239768 0.000011387367527 0.000595901049734 
0.000745491249612 0.000312946858985 0.003137173130586 0.001247901221710 0.010819370771737 0.000025419672866 0.000903181379541 0.982104892225824 0.000703623489137 
0.001637600864171 0.235307291433439 0.001352158606271 0.521131434302175 0.085399673967001 0.067739013420215 0.000329365330600 0.087049096152044 0.000054365924083 
0.037762970123837 0.020175560509000 0.002796383558527 0.737220472570687 0.112716632938652 0.000716202017927 0.000409105175218 0.007086935340608 0.081115737765544 
0.000005470127299 0.030112989074193 0.010772823383114 0.000007491146738 0.000087838674557 0.958966948148254 0.000034651876789 0.000004450702231 0.000007336866825 
0.000819760631851 0.785575921135705 0.002061345873839 0.000273806700629 0.000864414488014 0.003304674912993 0.205001461070262 0.000499537357593 0.001599077829115 
0.000000041117129 0.000000946456305 0.999938969353194 0.000029471377127 0.000000064145555 0.000000158809410 0.000028846236258 0.000000029997823 0.000001472507199 
0.000000223256046 0.000007504899101 0.000005523451965 0.000000312851707 0.000005631348989 0.000020823059881 0.999323691562335 0.000636270648469 0.000000018921509 
0.000651905863350 0.026050810765611 0.003566928606419 0.829285835426401 0.051286876008617 0.000078423228875 0.011892939338837 0.069300691961124 0.007885588800768 
0.000108472551158 0.008419520486418 0.000574538526670 0.000122571821515 0.000254254861644 0.044710656661939 0.077861521017252 0.000113227283411 0.867835236789994 
0.035850918521421 0.830934680234303 0.001162881745683 0.000524432364370 0.004072924077097 0.005064529231425 0.008469794006113 0.066667074006350 0.047252765813238 
0.001415845653643 0.002446569863053 0.013235743192411 0.053720946340439 0.024182832671058 0.003268617091518 0.007873770044325 0.779932195973373 0.113923479170180 
0.004945878875338 0.090294331049878 0.011707722647222 0.000984653653339 0.797797399104303 0.069207184492549 0.012448705970311 0.000172026744906 0.012442097462155 
0.011558677811139 0.025000666399770 0.254756065262335 0.001885525346546 0.079404773056160 0.342724350256318 0.013220206842798 0.270036323249525 0.001413411775408 
0.000505881417766 0.069774388158015 0.006913022907201 0.042960883283785 0.001423810901952 0.769581615435498 0.051630160657694 0.041512932724234 0.015697304513855 
0.000938959052274 0.000503388315091 0.001163074106322 0.019824064756922 0.002294618483285 0.036778689636441 0.086757475799193 0.126417079027512 0.725322650822959 
0.000000000000017 0.000000000338767 0.000000000000003 0.000000000000000 0.999999999661206 0.000000000000001 0.000000000000000 0.000000000000002 0.000000000000004 
0.000042985498711 0.000571710542973 0.118098325041698 0.001899361050796 0.700208074780550 0.000351451885858 0.097740649847854 0.080719286802771 0.000368154548789 
0.000068941147478 0.183370358855369 0.055100452394997 0.018958567241891 0.000668578091378 0.000831185675021 0.721446285131791 0.019443618655907 0.000112012806168 
0.000002773600752 0.000110337779818 0.000170844944248 0.725993533225777 0.000010860652400 0.006795163488168 0.266707114636007 0.000142456456753 0.000066915216077 
0.000056653235723 0.000301725934483 0.117538251425262 0.837527270241111 0.000030657247781 0.036012057921920 0.007480381734072 0.000618587778677 0.000434414480971 
0.000010586959823 0.999192806418775 0.000054534255114 0.000051361508930 0.000163259676158 0.000424602330703 0.000090807241845 0.000011707422454 0.000000334186198 
0.000031386171580 0.929504939572437 0.056137392382205 0.001091415111195 0.000421439992330 0.009627293344713 0.000319618277316 0.002799637995140 0.000066877153085 
0.081077244681178 0.180794737048215 0.042504176355377 0.691070841164471 0.000866686757904 0.001691015672889 0.001587476007505 0.000054299641096 0.000353522671365 
0.000000000000007 0.000000000001794 0.000000000000105 0.999999999727607 0.000000000000007 0.000000000000096 0.000000000270281 0.000000000000098 0.000000000000005 
0.000001983461265 0.000709358068650 0.015714410434100 0.760106194725498 0.000036542772814 0.000005325589621 0.053161696871741 0.169658595058389 0.000605893017923 
0.000012826505023 0.000000411886989 0.000012565233258 0.005096369665404 0.000009473266082 0.001522096188122 0.003488034705421 0.989854988310461 0.000003234239240 
0.000070584581821 0.021109569191479 0.000133652310863 0.000020039828791 0.001142517834647 0.620413662944234 0.356586359750812 0.000044723170939 0.000478890386415 
0.001046981893922 0.797611501313544 0.007746349022117 0.004610478457250 0.019253745985377 0.105014836318291 0.020812018627107 0.042553011941369 0.001351076441023 
0.007077972150255 0.001452298461423 0.004004895337517 0.237262576892780 0.010251637482592 0.058254214818322 0.491551859739335 0.177396518975820 0.012748026141957 
0.000002603990295 0.999994439317865 0.000000000397667 0.000000000593968 0.000000306255670 0.000000000071022 0.000000000493496 0.000000000216982 0.000002648663034 
0.303767556799685 0.005007915662736 0.003740337294847 0.014133301103408 0.000999812810670 0.001121562489668 0.664658113321975 0.000468880562638 0.006102519954372 
0.004213728139049 0.074155022421143 0.007679157184600 0.005424945208441 0.001313345632636 0.103434421122882 0.784783434065386 0.001416229133394 0.017579717092469 
0.000044543659215 0.796720984395181 0.000938337614263 0.009959476751060 0.000095025931182 0.002580214500438 0.001895332974398 0.002601599726340 0.185164484447922 
0.000088874492913 0.999643688016034 0.000001843644248 0.000007034060833 0.000054156455554 0.000011947047569 0.000003797960387 0.000000268341242 0.000188389981219 
0.000008937673610 0.003466051513645 0.007098276824006 0.002139221662464 0.128695616442538 0.742393966001100 0.001679456205385 0.114433063494237 0.000085410183014 
0.001237231448325 0.019599027358829 0.001079433299198 0.000547822571254 0.517922791740127 0.376036487707003 0.080927701373644 0.002462941039730 0.000186563461891 
0.627204585511510 0.081025002517063 0.014318362151456 0.004563376363308 0.011676085551545 0.086423167315529 0.012384340109503 0.140770763996478 0.021634316483608 
0.114080220386867 0.000099960705874 0.854889215927158 0.013064438080607 0.000003785724066 0.004379483909333 0.004545241622700 0.001015724233432 0.007921929409962 
0.000550586326509 0.000650033408070 0.000288493847125 0.003815537246594 0.000130076632637 0.030038157184262 0.958623575035481 0.002120350657775 0.003783189661547 
0.000324005251521 0.000020114475381 0.310168111321648 0.003018819150265 0.000066132461561 0.669254525936296 0.011231636064309 0.000278102492571 0.005638552846448 
0.000004950249366 0.762294278407365 0.000517794244651 0.000019264768324 0.000020356859927 0.000085044270664 0.000005338090220 0.237043264064221 0.000009709045262 
0.000014899292300 0.000372934840927 0.000021429590813 0.000002313597599 0.999583244083894 0.000000172465807 0.000000541524870 0.000002956936349 0.000001507667441 
0.000006212196705 0.000001046517066 0.000001121590279 0.000006686072090 0.000008066571687 0.000023003619431 0.000006132071187 0.999947013538679 0.000000717822877 
0.003351206648545 0.000045817941653 0.000030044984851 0.000170059054061 0.000105201310091 0.000078292025595 0.000356588606146 0.995833897977615 0.000028891451444 
0.000000000262463 0.999997186476422 0.000002158940829 0.000000043505746 0.000000267815959 0.000000018933882 0.000000046349617 0.000000273660154 0.000000004054928 
0.000018539885518 0.011926359163979 0.600900345490404 0.000300583139205 0.166735563659888 0.150404616565596 0.009096330644212 0.056772332676811 0.003845328774386 
0.000055010510230 0.000017280734393 0.000006818655162 0.000012639315858 0.000002743109860 0.008009889639008 0.000376531708217 0.991517881986595 0.000001204340678 
0.000003613660397 0.000052612893797 0.005132413107671 0.989694134104611 0.000013307146462 0.000617669311093 0.004474058506318 0.000009325860303 0.000002865409348 
0.000000030726074 0.000000024874710 0.000000067694953 0.000000566853914 0.000000669748068 0.000055918000685 0.003659882580881 0.996282712473141 0.000000127047575 
0.000000000000000 0.000000000000000 0.000000000000000 1.000000000000000 0.000000000000000 0.000000000000000 0.000000000000000 0.000000000000000 0.000000000000000 
0.000004283050656 0.000013167945772 0.372918630387452 0.000003191322877 0.000000116256715 0.000002814671408 0.000121106040034 0.000022140766023 0.626914549559064 
0.000003365487705 0.991706908267838 0.000480706495424 0.001192208665478 0.000000616438257 0.000058364211619 0.005903690171854 0.000089042420164 0.000565097841661 
0.044643137041872 0.001120304574482 0.015392041495596 0.000481389093271 0.000220835011591 0.863574862005129 0.002422440710175 0.000219509578378 0.071925480489505 
0.000065980849623 0.610818135150951 0.000287391254280 0.000383950847350 0.000048778739049 0.000543872335923 0.003979289412250 0.383825976519454 0.000046624891119 
0.011002777084042 0.000188598983808 0.128198225549188 0.084234763408024 0.000006753446601 0.000033335836253 0.746942123179254 0.000102791532618 0.029290630980211 
0.000441127424988 0.922187440188411 0.000163572084875 0.000380620866738 0.008277313839791 0.001802290760104 0.000032330588008 0.000506165544721 0.066209138702364 
0.000370590147508 0.000166330492579 0.000684365908308 0.000746712119197 0.000323741943659 0.000607654660655 0.994242806809207 0.002600748918873 0.000257049000014 
0.003372404574957 0.000046407741716 0.000312132036636 0.003245875176044 0.004131894479967 0.001553097018143 0.044759379192482 0.941948887597102 0.000629922182954 
0.000000052704126 0.000040069620761 0.986953752004983 0.000000228917972 0.013002910034227 0.000001202603103 0.000000914908206 0.000000801186488 0.000000068020133 
0.000081209616564 0.000002789754700 0.000027150994370 0.000005857504565 0.000092580975349 0.105262622252959 0.000050002033307 0.894467341343043 0.000010445525143 
0.000000000003808 0.000000000000001 0.000000000000558 0.000000000000052 0.000000000009837 0.000000003210240 0.000000000000531 0.999999996774972 0.000000000000001 
0.000028412543502 0.004694151824559 0.004973900998056 0.902479018100050 0.000185236006021 0.026384730199888 0.034554073376934 0.014013405977991 0.012687070972998 
0.000000000000184 0.008706851991085 0.000000000019851 0.000000000000030 0.991293147981061 0.000000000002030 0.000000000000010 0.000000000000018 0.000000000005731 
0.000000112853605 0.000000037815968 0.000000023682383 0.000000041639176 0.000000115239371 0.000313796965759 0.000000204167646 0.999685662356275 0.000000005279817 
0.000112404168128 0.997516550669858 0.000010645252517 0.000190941294041 0.000005757388692 0.000099295079679 0.000185496686575 0.001878002554064 0.000000906906447 
0.000209912988829 0.012909814382732 0.002335132948981 0.089267530984306 0.893269053280827 0.000016520682915 0.000330584766488 0.000981422555080 0.000680027409841 
0.000000000000000 0.000000000005202 0.000000000000000 0.000000000000000 0.999999999994796 0.000000000000001 0.000000000000000 0.000000000000000 0.000000000000000 
0.001209563635438 0.855657058005996 0.040008409227108 0.006376705997508 0.001616203148165 0.077759417000013 0.005357817250169 0.010445776799382 0.001569048936218 
0.000032102717836 0.363589475048517 0.014879886703638 0.000067882664613 0.002286095671103 0.592899801176836 0.021921664959418 0.003063464347775 0.001259626710263 
0.000000000002810 0.999940548318119 0.000000000755433 0.000059450920375 0.000000000002789 0.000000000000011 0.000000000000418 0.000000000000000 0.000000000000046 
0.000422809372415 0.518861061069595 0.001645025922182 0.372693416600765 0.014226993947682 0.003454667247833 0.004623981554384 0.078190342482477 0.005881701802667 
0.999999999975405 0.000000000000926 0.000000000000151 0.000000000001086 0.000000000000002 0.000000000000000 0.000000000000005 0.000000000000001 0.000000000022424 
0.000002691235980 0.000005071012796 0.000028726802159 0.000139629370712 0.000002408732222 0.794064967648892 0.020300495226315 0.185451850280892 0.000004159690033 
0.000068961502235 0.000702129886401 0.054309715375387 0.698966720744319 0.000097733893242 0.000066730252464 0.229504613407630 0.000559474757341 0.015723920180980 
0.000093660696747 0.001810627307302 0.001062403042838 0.142792619422479 0.005074004580181 0.000068887768912 0.647496484265559 0.164521846005540 0.037079466910442 
0.999999999989004 0.000000000000010 0.000000000000010 0.000000000000013 0.000000000000003 0.000000000000001 0.000000000000000 0.000000000006380 0.000000000004578 
0.002527789979501 0.008213140692740 0.027436860830828 0.179938548450661 0.143812791552657 0.020467236643016 0.076164417760088 0.235157474764462 0.306281739326046 
0.000000000000285 0.000000001743136 0.000000000000042 0.000000000004140 0.000000000100767 0.000000000647132 0.999999996973758 0.000000000523046 0.000000000007694 
0.000169367984307 0.005887890538985 0.000023842596973 0.025060389467008 0.000099810538078 0.486637012387858 0.394022687736694 0.028585182544742 0.059513816205354 
0.014548850255817 0.000003432219887 0.000001814985084 0.948139809992866 0.000001159730035 0.000055135139274 0.036984613332600 0.000257064043220 0.000008120301218 
0.000001272090595 0.000147823897704 0.000000897889459 0.000000561037060 0.000000028080544 0.999731163097369 0.000062862618397 0.000000128947709 0.000055262341163 
0.025106142668490 0.006654115557221 0.003129162960493 0.002539952916443 0.044761327627310 0.016299681113381 0.425670487749029 0.418189861713061 0.057649267694573 
0.050610747145911 0.125521611624909 0.016825993922455 0.069542560603767 0.057551427992114 0.095387424196842 0.288125153910085 0.153340194710978 0.143094885892937 
0.000987716493662 0.019383097586076 0.003457723511422 0.027519185827015 0.001896424797124 0.018253017847294 0.320464154558055 0.503357386553331 0.104681292826020 
0.000895671592526 0.516310609413854 0.057625693768272 0.008653687585892 0.051116050137691 0.010655002930726 0.001064311956990 0.346897220173529 0.006781752440518 
0.000406182305415 0.000206870312432 0.004563805467994 0.001780876765555 0.000028772270312 0.006141799687672 0.893741700626238 0.092648874793071 0.000481117771310 
0.001722485435498 0.027942791753311 0.009157152504699 0.047390570221070 0.002466643373757 0.001092117277382 0.038052518389039 0.799501388054711 0.072674332990534 
0.000149687468731 0.000752273217203 0.008617062934258 0.000236893240759 0.000645335010908 0.896218549182805 0.000309714089110 0.090738731962275 0.002331752893951 
0.000000005986167 0.000001638376942 0.999815541195586 0.000000844716748 0.000033781593466 0.000003260224579 0.000138701769105 0.000006117962291 0.000000108175116 
0.000000117555224 0.999922383695481 0.000000306236665 0.000070222090334 0.000000232725167 0.000002393321473 0.000000034422080 0.000000043755977 0.000004266197600 
0.004404110988646 0.083324983012578 0.013183913607604 0.494179306682895 0.042168412437586 0.008388472318801 0.002085603830598 0.345740474642462 0.006524722478831 
0.001051542193654 0.001105466969423 0.003073779286569 0.625166392599672 0.187192564267896 0.000757636047143 0.034757829030021 0.141063175392743 0.005831614212880 
0.000003426131996 0.000000687366209 0.000038972833517 0.998123132485887 0.000001564086468 0.000000448373776 0.001552267318057 0.000043598115499 0.000235903288590 
0.000224573389803 0.001043308880235 0.818265845363295 0.004719544440684 0.001389907611150 0.000328147288244 0.148246625906549 0.001474733474389 0.024307313645649 
0.038434040943008 0.790411384495324 0.018887900838400 0.018805916914067 0.024337236647584 0.003644807491967 0.075351478737019 0.000089314944792 0.030037918987840 
0.000043524399836 0.000341904581476 0.796618916983299 0.142393794149886 0.004165979481590 0.009676503405759 0.032340697370176 0.001921769579606 0.012496910048373 
0.749161112874367 0.000069591284955 0.000009855201071 0.000075579066246 0.000201800451108 0.001001098567340 0.002574177496760 0.000704359826901 0.246202425231251 
0.000000015827827 0.000011437590349 0.000018806947134 0.995563641849306 0.000020139364446 0.002484668004919 0.000016065262463 0.001885096571199 0.000000128582357 
0.000000000003293 0.000000017155689 0.000000004621391 0.999999973466912 0.000000000227534 0.000000000136043 0.000000003068644 0.000000001253295 0.000000000067199 
0.000000000021435 0.000000000016106 0.000000000015793 0.000000000000032 0.000000000000001 0.000000000050344 0.000000000000027 0.000000000000034 0.999999999896227 
0.000237393222024 0.000240973731808 0.001677075750254 0.017163115815703 0.023797074475365 0.000078185009195 0.049649218586033 0.903632410296106 0.003524553113512 
0.027496492087116 0.098705378272818 0.039833466909225 0.000909197838899 0.123761761092910 0.090650589124174 0.076144696849376 0.336378641958710 0.206119775866773 
0.000111428210948 0.971863397037471 0.002571327381832 0.001483052192732 0.012039407847342 0.000467972968923 0.001406106105218 0.009994902935072 0.000062405320461 
0.000122073989339 0.000464423722656 0.958406540672957 0.040137539836390 0.000324770029686 0.000033291008013 0.000108234192759 0.000146097956388 0.000257028591812 
0.000000000000000 0.000000000000159 0.000000000000000 0.000000000000000 0.999999999999841 0.000000000000000 0.000000000000000 0.000000000000000 0.000000000000000 
0.004495141248830 0.007134049966975 0.028134007923611 0.013125594346217 0.001579182157157 0.009674834095083 0.929769857969283 0.000501870626306 0.005585461666538 
0.000110271873134 0.475945623537302 0.012103414603636 0.004783639275083 0.000848507471710 0.198021104112186 0.000440649110274 0.307659487534913 0.000087302481763 
0.000058135712980 0.000422242653158 0.312953581392795 0.000628741470970 0.000244873109572 0.434938602427813 0.248876024097468 0.001361265629986 0.000516533505256 
0.121303492703049 0.106301097458784 0.003077955597226 0.040030297682422 0.001907294240077 0.012790741763097 0.709368834699884 0.004911137619949 0.000309148235512 
0.999957614173056 0.000039888105482 0.000000320365794 0.000001867383347 0.000000000032860 0.000000011046056 0.000000001668381 0.000000000052324 0.000000297172700 
0.000001647444224 0.000105014573115 0.969712710721537 0.028139938132279 0.000018804103778 0.000000777085522 0.001490676215804 0.000010648351933 0.000519783371807 
0.021305999640887 0.016155793343994 0.014232224240738 0.362005247050010 0.011377624987363 0.125130939661889 0.008745669873971 0.347077711156806 0.093968790044341 
0.000000000000000 0.000000000000000 0.000000000000000 0.000000000000000 1.000000000000000 0.000000000000000 0.000000000000000 0.000000000000000 0.000000000000000 
0.011102916278817 0.000078770304596 0.161973185776251 0.006009994309047 0.109067919366944 0.001108957962227 0.288112434532464 0.421825112014954 0.000720709454698 
0.005767568369152 0.006210494765809 0.131359332627303 0.051313381453292 0.151224662951881 0.129433672078318 0.413658421821279 0.099200550652193 0.011831915280773 
0.024824728067363 0.026611681030698 0.169684063143389 0.000801516481270 0.044725475272428 0.592327834373907 0.025785962530370 0.108207237683307 0.007031501417267 
