0.000012799292680 0.041411334808557 0.000277546895024 0.000155659341319 0.958121532914535 0.000021126747886 
0.000004445745347 0.000118652320118 0.001473844448499 0.001341693816647 0.997051334903655 0.000010028765734 
0.001334271836175 0.001359702195643 0.009445559170227 0.280803658799044 0.004900737490114 0.702156070508796 
0.000000120224932 0.000910841724935 0.000000003318804 0.999089001690775 0.000000032759547 0.000000000281007 
0.070156406362798 0.855791803332965 0.000083796597592 0.004913159050961 0.067344896632419 0.001709938023266 
0.001433576117232 0.506954929810701 0.039773032362674 0.142389477715852 0.298050252191209 0.011398731802333 
0.084433968771459 0.000384024008669 0.005031005145294 0.721534211464241 0.188381619101401 0.000235171508936 
0.006152620547995 0.000808801381191 0.549191994113219 0.098678500545621 0.282536599070335 0.062631484341639 
0.033244010031572 0.473631030282958 0.000536230379071 0.007597191210733 0.430435979758416 0.054555558337250 
0.999541076964412 0.000446393803352 0.000000121155738 0.000002772672148 0.000003669852717 0.000005965551633 
0.000001934413435 0.000005704265033 0.000139247252284 0.000400749340717 0.000148533889803 0.999303830838728 
0.020002395087642 0.000050370581273 0.002293506847738 0.027494391014664 0.000083299062928 0.950076037405755 
0.000201438425561 0.017136049037430 0.081332726486258 0.351844204005156 0.549225154742783 0.000260427302812 
0.000121590114399 0.000727275725319 0.000006578098160 0.219359161031217 0.366127045193932 0.413658349836973 
0.000004033730285 0.245627533716485 0.000000006202713 0.744785530160683 0.007676212780211 0.001906683409622 
0.000044779512857 0.000004325858996 0.974695830435762 0.008301908710969 0.000002856824612 0.016950298656803 
0.003294135157373 0.762897483349509 0.000005420775797 0.007538744545814 0.010059944646254 0.216204271525252 
0.000103258783207 0.027812067705278 0.202904011330625 0.725544941981872 0.001016172396772 0.042619547802246 
0.857665375855503 0.127213149048460 0.000001671346013 0.013979808220603 0.001139236291970 0.000000759237452 
0.120969298087841 0.000555896462048 0.000004412988205 0.877245406841612 0.000028577567519 0.001196408052775 
0.002168278236763 0.000180419499531 0.000000004688084 0.997601016522464 0.000006362419263 0.000043918633895 
0.009697650063904 0.002620626980573 0.000624717703742 0.000132126378005 0.986924551937869 0.000000326935908 
0.121029593374345 0.079968602511787 0.381635165854597 0.021763953434047 0.092131977675921 0.303470707149303 
0.004376342640158 0.440580582101771 0.020601138925393 0.509277656489244 0.024591369840814 0.000572910002621 
0.000000000000000 0.000000000000000 1.000000000000000 0.000000000000000 0.000000000000000 0.000000000000000 
0.001965764364964 0.022598197794403 0.001440544489011 0.012653212803498 0.942995168886264 0.018347111661860 
0.327824845586369 0.312323484001526 0.000108826485464 0.000365667604884 0.359121028492110 0.000256147829648 
0.004683546646430 0.003604462471916 0.000002353011348 0.005461992518722 0.985097531828355 0.001150113523230 
0.000713100230756 0.966973129565598 0.000000055617131 0.000123541358498 0.032090200644194 0.000099972583823 
0.004016146032999 0.769592184886726 0.000005345291198 0.000810284988556 0.079778236725892 0.145797802074629 
0.000000142261426 0.000043481741470 0.000000031535579 0.000000329266151 0.000005458276681 0.999950556918694 
0.160445435261612 0.820483595924384 0.000023482587676 0.007193773912516 0.008458779681691 0.003394932632122 
0.060962368575163 0.014061362182199 0.084763138873735 0.248724228139770 0.073522300267663 0.517966601961470 
0.988299233202629 0.000088985265379 0.000003092379312 0.011185692647701 0.000287378682851 0.000135617822128 
0.000247553363676 0.004110994173406 0.005645935414451 0.750988914445106 0.235598925388280 0.003407677215081 
0.952497951411762 0.004594261185434 0.005148822028847 0.007880930307665 0.024978462567090 0.004899572499202 
0.668476884142311 0.004311180727306 0.151409762018300 0.086741880443121 0.081184043338641 0.007876249330321 
0.000101200869313 0.999896794224289 0.000000000000002 0.000002004906341 0.000000000000055 0.000000000000000 
0.052333648949118 0.000166883310142 0.006585679688345 0.005831851593996 0.000583879617125 0.934498056841275 
0.000289659601815 0.237557848804117 0.005538153642747 0.688221798642586 0.067247589079977 0.001144950228758 
0.000000055999011 0.000000049439714 0.999988195540866 0.000007783894205 0.000000177672867 0.000003737453337 
0.000000000002442 0.000000002832900 0.000000000305371 0.000004658882341 0.000000317491440 0.999995020485507 
0.937194859006562 0.008378377006854 0.000300797265152 0.037129701214158 0.009950165867548 0.007046099639726 
0.000453693613149 0.000001879932946 0.000040240989253 0.000029759431570 0.000248574875327 0.999225851157755 
0.000000252486757 0.616358172171593 0.000001816140276 0.000136375692475 0.383499471568479 0.000003911940420 
0.000180480108613 0.000946461761660 0.000005629555968 0.000068909949333 0.127482014400871 0.871316504223556 
0.984128332845083 0.008684332222243 0.000349020823666 0.004020347365018 0.002810763931401 0.000007202812589 
0.000034148184034 0.000000105012006 0.974197572370841 0.000106957269949 0.000045550855652 0.025615666307518 
0.000023508845795 0.000103680781181 0.043177584710071 0.000023979679090 0.956395459552404 0.000275786431459 
0.980539924808079 0.000000227494013 0.000006244547248 0.014968879764976 0.004460823381293 0.000023900004390 
0.000001130892251 0.000000201579169 0.000133896394248 0.000229290767140 0.998787101830636 0.000848378536556 
0.000005662495613 0.000488492792029 0.000075855082899 0.954549438569682 0.000027149122246 0.044853401937531 
0.000000011405455 0.000000004787086 0.000000022638043 0.000003908081197 0.000000099947174 0.999995953141045 
0.999999924718455 0.000000000000009 0.000000000014388 0.000000000046489 0.000000000000012 0.000000075220648 
0.010731890362857 0.989222930865653 0.000000015991387 0.000045077669713 0.000000043131357 0.000000041979033 
0.254292895826345 0.194224894149201 0.000006184350665 0.405835025482118 0.145606348310499 0.000034651881172 
0.019090510407517 0.069450160088331 0.004345719659234 0.032432511929397 0.821967925552090 0.052713172363431 
0.002725820480187 0.244708933179696 0.032277638256949 0.314611793259404 0.402288493373382 0.003387321450382 
0.034380285970009 0.838679908215466 0.062483474753518 0.003787283917935 0.052313220326535 0.008355826816537 
0.001633914987842 0.000146029440267 0.000006613468471 0.000317411565933 0.003790898142983 0.994105132394504 
0.541529109099937 0.000033546485385 0.000001914549028 0.000241770299648 0.000002341734983 0.458191317831020 
0.151766033015454 0.020897239700387 0.042336986040806 0.004060678502514 0.775284515298439 0.005654547442401 
0.000000283113562 0.000000466196909 0.983440895020120 0.016166764154783 0.000382195714272 0.000009395800352 
0.000004526361827 0.877698560208090 0.025743269368156 0.010161470939512 0.085286246883428 0.001105926238986 
0.821813297320169 0.001483157464235 0.002058635196048 0.099056781581368 0.000083554450074 0.075504573988106 
0.000000004072188 0.000000041440989 0.000000001426167 0.000005310389560 0.000000004548650 0.999994638122445 
0.000001066292887 0.000000355147544 0.991127081761199 0.002068022345577 0.000006260863037 0.006797213589756 
0.585761790905326 0.343533010256136 0.001223142304410 0.069376847807286 0.000082559437275 0.000022649289567 
0.993072123188284 0.004633920606391 0.000000584714592 0.002291057022659 0.000000177092793 0.000002137375281 
0.041393516152907 0.010964461325063 0.001173615616090 0.080345449242941 0.627434481687845 0.238688475975155 
0.000000033554646 0.000000300805936 0.999809507386499 0.000000122910362 0.000189646165139 0.000000389177418 
0.000001541868745 0.000021475551563 0.000399281288215 0.999095003293159 0.000481894471605 0.000000803526713 
0.025460970443057 0.000024817324746 0.000153727566603 0.018215387588781 0.001951379793537 0.954193717283275 
0.000073399250207 0.000013015796308 0.000126676516188 0.999583249311520 0.000193843420124 0.000009815705652 
0.990042136896547 0.000000000047207 0.000017672995273 0.009810345623840 0.000084988570584 0.000044855866549 
0.913721849279571 0.086267781992215 0.000000001061026 0.000006215781627 0.000004147897095 0.000000003988466 
0.002978420996097 0.995577820781186 0.000004067703428 0.001419469617455 0.000012638890045 0.000007582011789 
0.109065131038158 0.795988896190664 0.000012737374112 0.016115317806573 0.078776539955586 0.000041377634907 
0.000000327665359 0.000000737431233 0.000000022642368 0.000001831980389 0.993746637648005 0.006250442632646 
0.000821760732099 0.173942362359359 0.000003080615062 0.000637617945528 0.817510701765669 0.007084476582284 
0.005884099307945 0.027118731278771 0.000720653874711 0.015791924159584 0.891320151705263 0.059164439673726 
0.011985044153859 0.000000327500673 0.000011225352441 0.009931381100019 0.000003674969491 0.978068346923517 
0.152845277296652 0.000055252380708 0.000000045098397 0.844391416085511 0.000002429563057 0.002705579575674 
0.000039873556265 0.002032472586846 0.981368547896706 0.004418525640482 0.000500572955779 0.011640007363922 
0.540631899517822 0.000366157628153 0.001858888335044 0.048027253917237 0.032630637241192 0.376485163360552 
0.066544915580635 0.000686039647273 0.587990118174680 0.287904878309302 0.050194835450446 0.006679212837664 
0.036510077474891 0.000288753561704 0.000812067607096 0.000015576503558 0.002647053984630 0.959726470868121 
0.020520288852171 0.035619174300873 0.005575016610591 0.001240263797388 0.937038244043427 0.000007012395549 
0.014052286644632 0.301709650596014 0.000000023937007 0.684237536584701 0.000000489045578 0.000000013192067 
0.867728275038905 0.058038443994266 0.000043533636730 0.017634260311429 0.043456464396086 0.013099022622584 
0.003874181219495 0.768372270012095 0.000257816894384 0.002286138940241 0.013388007483022 0.211821585450762 
0.000431028839323 0.004963552536033 0.000254722572122 0.010812260497203 0.033160510376049 0.950377925179269 
0.000057673676670 0.094897330937252 0.081976742601022 0.006782932836788 0.816000999807588 0.000284320140680 
0.000000000000033 0.000000000013370 0.999999932291953 0.000000000320243 0.000000000002653 0.000000067371749 
0.000593671139232 0.000294808363028 0.120131893224853 0.208681726052750 0.669901207090908 0.000396694129229 
0.000000000000005 0.000000000000000 0.999999999964084 0.000000000025329 0.000000000000001 0.000000000010581 
0.940650927894054 0.008953299397300 0.000010965866370 0.049943986731701 0.000001741971279 0.000439078139297 
0.069532491508740 0.668122237488222 0.014420793340877 0.004223276071162 0.175131679813550 0.068569521777450 
0.000679608702283 0.008137002880709 0.076085059298264 0.010652268942841 0.902701483531189 0.001744576644714 
0.000000014192276 0.000025952621509 0.000000102384763 0.002353273522288 0.000005740364018 0.997614916915145 
0.000000012119886 0.999791721794796 0.000000000138620 0.000093632941256 0.000114578738376 0.000000054267067 
0.902810878105119 0.000000091690030 0.000209521921925 0.000005558000232 0.000010598138507 0.096963352144186 
0.014422137032433 0.703448254919288 0.023161312453462 0.183940864998219 0.066954033720896 0.008073396875701 
0.027552524443123 0.000757239392369 0.002634480905380 0.000366035177332 0.015194737681279 0.953494982400517 
0.000001624204253 0.000000030238419 0.948870876344099 0.009484820954329 0.000015076662304 0.041627571596595 
0.033598294906560 0.000059390281260 0.000004097145853 0.002402188793078 0.778652856024595 0.185283172848654 
0.000000011726176 0.000000000358231 0.000000060802057 0.000350670959797 0.000001404776685 0.999647851377053 
0.007990612568375 0.012673046606564 0.284489806591299 0.072417604341301 0.622321863117731 0.000107066774729 
0.999997150227467 0.000000000000012 0.000000000031637 0.000000000000968 0.000000000000070 0.000002849739847 
0.006669262996630 0.230174647692291 0.238927069914783 0.006617239960160 0.517307956939707 0.000303822496428 
0.316562067010093 0.001346245122770 0.000060630290149 0.000327420280013 0.008404760963476 0.673298876333499 
0.000982763865734 0.000027057084458 0.000001975079940 0.000002511823223 0.000036823965636 0.998948868181009 
0.043000711008196 0.000969616788089 0.023941794382247 0.031555523678345 0.861974467910112 0.038557886233012 
0.043801849672426 0.489046240549339 0.011041126199327 0.237073458942835 0.008785275192817 0.210252049443257 
0.000001359750710 0.000000230208786 0.000000597961673 0.000344978943454 0.045927134258748 0.953725698876628 
0.000470066112605 0.968945213373866 0.000117962095694 0.022457577182636 0.007386930358646 0.000622250876552 
0.004310112607290 0.931339647428644 0.000193274084754 0.000932052654876 0.062373719871303 0.000851193353133 
0.000000292205979 0.000002449548403 0.999693171573928 0.000201512957082 0.000000036717334 0.000102536997273 
0.895873132156681 0.001534107547033 0.021484608807851 0.000321347820142 0.000069028819296 0.080717774848997 
0.000000000161572 0.997860117157176 0.000000002258710 0.000000000981634 0.002139609002693 0.000000270438215 
0.000006374704881 0.012561963994549 0.649954602282604 0.000177606032505 0.336669762883451 0.000629690102010 
0.083145105764277 0.821718060053590 0.000015777148924 0.009439257699945 0.052552325192522 0.033129474140742 
0.000405348107270 0.066404441417889 0.000007252594175 0.000575903563414 0.932607049265452 0.000000005051799 
0.010490835061079 0.610593249475938 0.000077313323654 0.358128200653383 0.019847624445485 0.000862777040463 
0.000006275291813 0.030331133980574 0.002271197917103 0.018736335419179 0.948654541933618 0.000000515457712 
0.000004770802852 0.000054743826459 0.000001687443402 0.000004153015113 0.015842707893022 0.984091937019152 
0.000000000000001 0.000000000000001 0.999999998931696 0.000000000019196 0.000000000000128 0.000000001048977 
0.000067347911728 0.989496885149693 0.009780069761846 0.000573221323530 0.000081556162726 0.000000919690477 
0.000468523962069 0.035231549287220 0.000000038605414 0.964299535430734 0.000000326106014 0.000000026608548 
0.000231448835980 0.962316654544118 0.000000141537418 0.000177976022865 0.035885508793671 0.001388270265949 
0.000000011923437 0.389087950887561 0.000062661717305 0.000277416695541 0.026884647879456 0.583687310896699 
0.000000004408196 0.000000152988933 0.000000390026850 0.000002344800455 0.999399926742978 0.000597181032588 
0.001018958886429 0.000014364884980 0.000000001483200 0.998966661728198 0.000000000998154 0.000000012019039 
0.000818861676746 0.002610390684668 0.363075171825636 0.309435570546605 0.004009152601819 0.320050852664527 
0.021074268059167 0.000550360243490 0.087551463346070 0.027842587501070 0.859394243461830 0.003587077388373 
0.929766200561578 0.000077393162452 0.003550878924807 0.000331404086613 0.066149885344629 0.000124237919921 
0.664863416934684 0.141743860782374 0.000382594970170 0.022043761385390 0.170228496478459 0.000737869448924 
0.001273732135673 0.251917406163530 0.271997066270943 0.472789983543715 0.001767968735413 0.000253843150726 
0.000123925885898 0.065744000093613 0.020612350058609 0.154991211229263 0.736646708958346 0.021881803774271 
0.096064258951269 0.477964915670757 0.000051775269403 0.403851538562811 0.020437874478964 0.001629637066796 
0.001148892594219 0.000294857973859 0.021671185410297 0.899949379624452 0.000874466333626 0.076061218063547 
0.000000000000378 0.999999999970834 0.000000000000000 0.000000000028788 0.000000000000000 0.000000000000000 
0.000003409391425 0.000017994277805 0.496969436696046 0.000296193751956 0.502456228473788 0.000256737408980 
0.000820927860725 0.004326374784139 0.009063940497878 0.222816811113915 0.751446457416943 0.011525488326400 
0.000019134682363 0.000007634462364 0.829926580767954 0.156699074001330 0.001219571100506 0.012128004985482 
0.000014169534375 0.025613739693774 0.000330667782557 0.002618872585534 0.856204213017082 0.115218337386677 
0.970698204256116 0.019063501882731 0.000830103913342 0.008945294239956 0.000443541286450 0.000019354421405 
0.480730654168041 0.144249889985021 0.000012820973975 0.000297297232654 0.371276527726285 0.003432809914023 
0.000001770763358 0.000002857290303 0.000000003455963 0.999995171373044 0.000000007825292 0.000000189292040 
0.000001315181401 0.000000001912057 0.999904050375413 0.000066042244387 0.000000341497338 0.000028248789405 
0.001571153908580 0.000000028926001 0.998296496646978 0.000004114863252 0.000063509252376 0.000064696402812 
0.681712818327181 0.222760784772155 0.008902912600327 0.074278272652049 0.000331850232645 0.012013361415643 
0.000026848819602 0.000798305899976 0.018119099054378 0.019110665423040 0.961915470515336 0.000029610287668 
0.000109983231574 0.000015932928044 0.000374669353841 0.002306272615529 0.997191307745306 0.000001834125707 
0.097396451793724 0.006843092715012 0.000000023174449 0.000000236072825 0.000271336855917 0.895488859388073 
0.000000001368936 0.000002780979418 0.999987616423617 0.000000052183349 0.000009502625932 0.000000046418749 
0.000310968653897 0.000000201064026 0.995985636992213 0.002613219109893 0.000081372560027 0.001008601619944 
0.000000044540009 0.000016525350172 0.000000705253882 0.000000141335692 0.000200541774357 0.999782041745888 
0.000000449923848 0.000000498656929 0.993662671943394 0.000751779500700 0.000001424004629 0.005583175970498 
0.008975046606149 0.120296331419124 0.260326894347806 0.604358839856471 0.003555686408747 0.002487201361703 
0.955692155206461 0.000102783324496 0.000000104132737 0.044204909068368 0.000000000497528 0.000000047770410 
0.000043472389887 0.000332886976130 0.000056600398247 0.000040643382123 0.999515580750838 0.000010816102775 
0.000001132005575 0.000028841372587 0.025569893530970 0.011647663773849 0.000616649569849 0.962135819747171 
0.025101351674568 0.021194075737139 0.000704943018869 0.102846305711343 0.783335979276513 0.066817344581568 
0.996772033902835 0.003105709189632 0.000001530841173 0.000082658062610 0.000002796077021 0.000035271926729 
0.000202257847574 0.072335721290200 0.002659297732387 0.000962701463068 0.923349738381851 0.000490283284919 
0.097065471556436 0.000032028335466 0.000000511386811 0.414186234853039 0.000017263440410 0.488698490427838 
0.000015518938153 0.000003683123224 0.000910382730828 0.000059517542106 0.001985927015469 0.997024970650220 
0.000024925858354 0.989904499905465 0.000000052395412 0.010069373333222 0.000000144304988 0.000001004202559 
0.999879282199599 0.000065471035117 0.000000330535846 0.000002260712056 0.000003134813971 0.000049520703412 
0.000000050266636 0.000000014741572 0.000071206084812 0.000000150754329 0.998846383574023 0.001082194578627 
0.210454178853464 0.035907383819591 0.181607170727305 0.208735719491938 0.345910804641767 0.017384742465935 
0.000021100350733 0.056324768925999 0.702801424917710 0.001084353962944 0.239711084549338 0.000057267293276 
0.000000394522636 0.000020961579999 0.798716416133860 0.000000014042613 0.000290140485448 0.200972073235443 
0.000048510081706 0.347531868107109 0.000939156044113 0.164392418862393 0.216668030232618 0.270420016672062 
0.999997702064280 0.000000340840130 0.000000000716543 0.000001765202227 0.000000030368429 0.000000160808391 
0.997565699961632 0.000004779104999 0.000013688051380 0.000623164351265 0.000148639407691 0.001644029123034 
0.000526827324113 0.066218611084453 0.000000619753684 0.000435840711771 0.928408247234886 0.004409853891093 
0.000075536148449 0.089990674662101 0.006306482357914 0.018357019769542 0.867821501514466 0.017448785547528 
0.000000000102225 0.000002747600005 0.000000000004722 0.999997247141033 0.000000000554651 0.000000004597364 
0.000128601759994 0.001788567854847 0.022987077691222 0.000192905512697 0.969000587829826 0.005902259351414 
0.000288981034525 0.264324042055946 0.003681262568103 0.065229954123076 0.662510086398918 0.003965673819432 
0.292012660757643 0.361144140602047 0.000003103474962 0.000105480113664 0.301273099314417 0.045461515737267 
0.004334984694164 0.993988939636289 0.000051301570126 0.000427387612232 0.001111106182022 0.000086280305167 
0.131456922551979 0.595617815844228 0.001463204967133 0.260678855963976 0.010515487945589 0.000267712727095 
0.000004472021411 0.000257610955783 0.000003800225943 0.000738329737458 0.997762472579187 0.001233314480219 
0.967062774951270 0.013053227361211 0.000135716573063 0.010801903953311 0.000113489314776 0.008832887846369 
0.000001015288189 0.000000466873238 0.001406588435350 0.001253296428749 0.000023079216690 0.997315553757786 
0.000000000016229 0.000002575394325 0.000000000109858 0.000000116932862 0.000333150606163 0.999664156940564 
0.692101831441018 0.014316562732208 0.000792599760856 0.000129026573470 0.284781750747426 0.007878228745023 
0.000683098382732 0.003278000442166 0.041339465103420 0.442536795742207 0.487638140395035 0.024524499934441 
0.000087313551824 0.000216165795195 0.750207927383454 0.000125866986116 0.218973431393432 0.030389294889979 
0.000000602117486 0.000080709582208 0.000900397476931 0.001160051067530 0.006920181709495 0.990938058046349 
0.001987030219412 0.000301071100457 0.006414455863957 0.891139670335610 0.100131184574557 0.000026587906007 
0.000001407599600 0.000392728621278 0.000002272625662 0.000020578273654 0.972617181415418 0.026965831464388 
0.280768465336753 0.200774093470575 0.000359637162732 0.443199657619421 0.037135313487275 0.037762832923244 
0.579901283205325 0.000120179104393 0.392708610474054 0.003144823877170 0.006109884610690 0.018015218728367 
0.982858412406948 0.017124926181409 0.000000023557062 0.000007320732216 0.000009303310946 0.000000013811418 
0.999999999867695 0.000000000130335 0.000000000000208 0.000000000001093 0.000000000000025 0.000000000000645 
0.000000976678609 0.000060026273754 0.001943357375615 0.003720630277204 0.007277927104641 0.986997082290176 
0.080743294867663 0.875210932447757 0.000794775910982 0.024759665126834 0.000527400489440 0.017963931157324 
0.297775682844475 0.000342049594567 0.696111926206332 0.001359926237195 0.000291872113802 0.004118543003629 
0.000309608005154 0.090786601926174 0.005443818358806 0.006257493583043 0.897121871811702 0.000080606315121 
0.373261244056242 0.162087053907062 0.002342593293249 0.180435894704227 0.281220359831049 0.000652854208171 
0.000046176602514 0.990943928224323 0.000117367874753 0.005068819507449 0.003303200846064 0.000520506944896 
0.546299023295728 0.446704136098729 0.000003014674206 0.006774953393451 0.000109802331897 0.000109070205989 
0.021915892393542 0.000002878321560 0.000013396685595 0.000022262582017 0.000209485040838 0.977836084976448 
0.000000214172684 0.000000014379199 0.816781866783243 0.000030975833789 0.182748714844346 0.000438213986739 
0.001532133162469 0.009739054005181 0.899234628025554 0.002131717490150 0.000001027942537 0.087361439374109 
0.000030213089110 0.002103957227964 0.897604874866239 0.000332591578002 0.072553916820802 0.027374446417883 
0.000110278703583 0.979307365041433 0.000000354680048 0.016175140901554 0.003983598479633 0.000423262193749 
0.000013253338214 0.008657787304924 0.000127903933345 0.001285156090803 0.016584925533735 0.973330973798979 
0.004900509427758 0.084007759078628 0.003361203735940 0.010525155613198 0.897020902588142 0.000184469556334 
0.007860006043885 0.269254593268191 0.519624988469560 0.046885964927201 0.156371936111434 0.000002511179729 
0.000031299113759 0.930576702116784 0.038761772021312 0.026203015609993 0.002261452947327 0.002165758190825 
0.000047256988660 0.000791557521846 0.002507121474602 0.001646557051122 0.994992572365524 0.000014934598246 
0.999993215611758 0.000006742452786 0.000000000170778 0.000000008970030 0.000000023853455 0.000000008941193 
0.631223764878824 0.000584645510217 0.000010415714737 0.005224506894494 0.020867844199629 0.342088822802097 
0.000109581027447 0.000025759777204 0.024546983458636 0.001693553481642 0.957263768185811 0.016360354069259 
0.000134601012125 0.007935208722768 0.013018333818980 0.761179845424093 0.217715607354553 0.000016403667480 
0.000030987302059 0.000114914400714 0.000004283230479 0.000318877657235 0.010048287586676 0.989482649822837 
0.017198633525063 0.011796347320557 0.028206147043227 0.448388450821182 0.493730555634322 0.000679865655648 
0.010290527250322 0.014975425949419 0.000067403980000 0.947786046684158 0.002798906450862 0.024081689685240 
0.001840571803982 0.005611024293487 0.002460578011521 0.893267677122628 0.000372893018697 0.096447255749685 
0.087087131351782 0.025578192353875 0.000214908940585 0.011166867412821 0.875319644167337 0.000633255773600 
0.576506941170942 0.225831101149733 0.000096062849429 0.175082515481087 0.012349670466322 0.010133708882487 
0.993786061637365 0.003685307445406 0.000166076285289 0.000238549594649 0.000125274487863 0.001998730549427 
0.000326950787325 0.006042521447986 0.000081497281356 0.003469911131497 0.986629296842637 0.003449822509200 
0.000312311841461 0.995750676581456 0.000000005392653 0.000004963902276 0.003932034205583 0.000000008076571 
0.002517450197100 0.001372435038823 0.001745841305095 0.002716696344101 0.987835872240154 0.003811704874727 
0.992912347743069 0.000030579739107 0.000600737260851 0.004507953990792 0.001944040210040 0.000004341056141 
0.996735191792434 0.000000017987835 0.000000000239751 0.000000000894496 0.000000000105633 0.003264788979851 
0.041171556515821 0.060888093228226 0.116328681090288 0.010440888060538 0.750792745350780 0.020378035754347 
0.000027640630770 0.011534788322461 0.000090534122111 0.571452600230145 0.002846589299397 0.414047847395115 
0.100523288661744 0.879118260656853 0.000072573853157 0.018025211713176 0.000403596133181 0.001857068981888 
0.880871231131168 0.119042604862018 0.000000340369574 0.000001421548445 0.000079865720611 0.000004536368182 
0.108426728473812 0.000000696776841 0.000119998580102 0.000002327349136 0.891445793049998 0.000004455770110 
0.733209761604278 0.084449340137500 0.000024285199933 0.182279610500953 0.000000319789315 0.000036682768020 
0.000184921145757 0.993942359037956 0.000026192274348 0.005613526973848 0.000003592701746 0.000229407866345 
0.000000001571229 0.000000005888068 0.841568407212485 0.000002803230722 0.158399021556713 0.000029760540784 
0.839994174761895 0.000254561698277 0.000000312628478 0.159734802706725 0.000004220781228 0.000011927423397 
0.000000427244774 0.006541209140552 0.019274375746970 0.002115870966574 0.046787989354245 0.925280127546885 
0.000338919548411 0.706305229109195 0.001818019060296 0.026921641500685 0.008700647776100 0.255915543005313 
0.000000000000000 0.000000000000000 0.999999999999999 0.000000000000000 0.000000000000000 0.000000000000001 
0.000000085228847 0.999994119658643 0.000000000000040 0.000005795111270 0.000000000000853 0.000000000000347 
0.974063157957550 0.001149901337756 0.000030379602853 0.000510280933686 0.002539294141694 0.021706986026461 
0.000546691098049 0.217832984653408 0.770090964605802 0.011074737833385 0.000002064718552 0.000452557090804 
0.984901892800255 0.000010545901637 0.002505709768178 0.012109158110925 0.000316593499170 0.000156099919836 
0.023663683678490 0.054514980675362 0.061367264325951 0.048797571080282 0.809652820142052 0.002003680097863 
0.999979230022313 0.000020743849389 0.000000000155128 0.000000000263502 0.000000000378259 0.000000025331408 
0.000309045104108 0.005115227908235 0.000041646495950 0.976175079686828 0.018317409661950 0.000041591142929 
0.002079478926374 0.103859325716721 0.000773876751517 0.000617619532795 0.003305035934994 0.889364663137599 
0.043577081217456 0.264053399096396 0.684666153287889 0.004137800440136 0.000070583515870 0.003494982442252 
0.002202455488154 0.000209314550720 0.023045323617674 0.835101161435506 0.057201657139271 0.082240087768674 
0.999999846882957 0.000000002379301 0.000000000002193 0.000000150703704 0.000000000001004 0.000000000030840 
0.000001447967530 0.978475345965070 0.021138702262278 0.000310468010331 0.000040127459269 0.000033908335522 
0.006798777721964 0.000018486451792 0.991265935767050 0.000613880404505 0.001111490435399 0.000191429219291 
0.008324929173620 0.000016723732312 0.419978503639593 0.000086991360327 0.366831835137219 0.204761016956929 
0.001314222970811 0.015521242883682 0.000463854475777 0.865308070385629 0.004474191183438 0.112918418100663 
0.945830338398285 0.000396441498589 0.000265546106741 0.041978736096643 0.000099478196117 0.011429459703625 
0.901792085913307 0.097816569997862 0.000065545808791 0.000158510251436 0.000124702296542 0.000042585732062 
0.000000017949123 0.000001573348206 0.000005152726354 0.315465928681228 0.663872879523932 0.020654447771159 
0.001970180917411 0.033883066448109 0.000009249140736 0.000056444093560 0.964081056693144 0.000000002707040 
0.000000588539870 0.000000051744320 0.999948837386808 0.000047870976110 0.000000063725492 0.000002587627400 
0.001774855001459 0.000960115902796 0.283320489970167 0.001015507746501 0.702095005452893 0.010834025926184 
0.967971164235427 0.010140854834551 0.000013003877430 0.020589315945267 0.001275095780590 0.000010565326735 
0.000855169631508 0.004210128920619 0.000036249607320 0.993330332347686 0.000013101261833 0.001555018231034 
0.000015852439133 0.001327873908338 0.000043864852676 0.997356319717491 0.001245267165933 0.000010821916430 
0.029823825449258 0.000340567677417 0.000174262688499 0.065285410313086 0.869821993717848 0.034553940153892 
0.094725839877582 0.895208653358730 0.000006139738197 0.006229130916743 0.003814722120224 0.000015513988524 
0.269170352705141 0.002992545792021 0.000124368600337 0.022106055170162 0.003809486718828 0.701797191013510 
0.000000000001160 0.000000027930962 0.000000000006035 0.999999971999577 0.000000000060510 0.000000000001756 
0.000006160418413 0.000689739989279 0.013171948049027 0.100295358774285 0.885674428124220 0.000162364644776 
0.981119510439818 0.017022300478529 0.000107902663434 0.001219479681578 0.000492354781013 0.000038451955628 
0.295045241541091 0.000481609675790 0.001075212918553 0.001680142658758 0.672000245424048 0.029717547781761 
0.000662072638377 0.241529108176456 0.005479259678014 0.106507349971043 0.424533108398117 0.221289101137994 
0.004191888331840 0.000115384102803 0.000001524927072 0.000079612935605 0.001279437218586 0.994332152484093 
0.006906034608741 0.405100672526670 0.555465005311889 0.002164989713899 0.002749462973809 0.027613834864993 
0.000000005261595 0.982404962190254 0.000000010723785 0.001960096307411 0.000020993269523 0.015613932247432 
0.002215833532342 0.816037773771096 0.028016696759170 0.153699691790970 0.000000850327189 0.000029153819234 
0.335972978016424 0.524067626478573 0.000119694900958 0.136789156152974 0.003001795873785 0.000048748577286 
0.000000027858748 0.103610270993804 0.000001610833497 0.000160486807794 0.430930345544719 0.465297257961438 
0.000017503160666 0.041490985846661 0.000000286070062 0.000323419898434 0.953773474489939 0.004394330534239 
0.063358809585664 0.869548367656860 0.058410984285274 0.000197357980225 0.008484296287852 0.000000184204125 
0.000056180348893 0.989769168627872 0.000004880740899 0.000816845550180 0.008545302809166 0.000807621922990 
0.000000296299046 0.000006373469324 0.993733117529767 0.000004208953139 0.004555560966679 0.001700442782045 
0.091406750996232 0.291702759775656 0.067595745037498 0.060944605061092 0.057006388348026 0.431343750781497 
0.000118804003697 0.020551004664476 0.977169208078534 0.000687268542576 0.000361993084304 0.001111721626413 
0.369710161724458 0.026827281924220 0.003118647305787 0.336063238465012 0.020784953842109 0.243495716738414 
0.813909235723666 0.169094690319011 0.000002816948297 0.000114298578567 0.016876951183452 0.000002007247007 
0.006230670582188 0.113438854467505 0.075320245604485 0.024886611412827 0.778184750578671 0.001938867354322 
0.000001042874440 0.000117812076828 0.000000710874615 0.000000011760613 0.999880234934648 0.000000187478855 
0.000000001629347 0.000000087022747 0.000020873246563 0.000000842176447 0.000064479946612 0.999913715978283 
0.007209322182591 0.002390857136435 0.019647457411791 0.865555879803638 0.104618660684122 0.000577822781422 
0.079289937281999 0.696253087908602 0.007430351949300 0.115481486409712 0.099295894549981 0.002249241900406 
0.276056046311922 0.073771531964544 0.021937838064381 0.055482236776929 0.477499403855340 0.095252943026883 
0.758273414924476 0.075872206100940 0.004041088257262 0.135636027033916 0.013085490570121 0.013091773113284 
0.000663111692581 0.000237069285295 0.997814275646358 0.000068835007222 0.000044795712935 0.001171912655609 
0.000009047741101 0.011544970013519 0.093628033837060 0.005736824564229 0.000007680580455 0.889073443263637 
0.003380446390024 0.097581484636503 0.891457504568344 0.003025231957866 0.004518896237721 0.000036436209541 
0.000049922547289 0.002375016705146 0.003776752340701 0.028727575239078 0.965037992670847 0.000032740496940 
0.000831148260268 0.000156469044363 0.003764303729832 0.010848121288220 0.306633404478192 0.677766553199125 
0.000003112120419 0.000617923275925 0.000000021262598 0.999363945167068 0.000000217458838 0.000014780715151 
0.983509290308386 0.000014233130245 0.000007552905797 0.000118202867326 0.000009070454408 0.016341650333839 
0.999490284797279 0.000126888876191 0.000000063787420 0.000004674539769 0.000156551199967 0.000221536799374 
0.000205448079990 0.111524920806097 0.000132627354507 0.072293055322030 0.025729291009852 0.790114657427525 
0.000498480228264 0.000000113278932 0.000068651839429 0.299490484922111 0.000262577933149 0.699679691798115 
0.000004149164922 0.000000008425917 0.995367296532906 0.000999382002326 0.001685583528024 0.001943580345905 
0.003237270846992 0.811328513045383 0.000007898227148 0.002000275745225 0.002835360369798 0.180590681765454 
0.000000554840242 0.003195934910551 0.000000000443286 0.000069232813985 0.980340207357360 0.016394069634576 
0.015582233380109 0.759666392247869 0.000056371553366 0.093913991496964 0.130779065869074 0.000001945452618 
0.000401225203652 0.026118335984154 0.001445474434138 0.095212153436734 0.868413163129485 0.008409647811838 
0.000006372645363 0.031245625704837 0.000049979587293 0.110069214312591 0.000795853137283 0.857832954612634 
0.997269460052880 0.001089285530058 0.000003956248720 0.000776638726898 0.000851066512265 0.000009592929180 
0.130150291944331 0.242776647499811 0.156938008110719 0.215773203997730 0.002022986479102 0.252338861968307 
0.000002246776854 0.000016601726230 0.005328135692676 0.000043788738819 0.994600750403933 0.000008476661487 
0.952944796975722 0.004666489035739 0.027971271803520 0.009265325362079 0.004822044346660 0.000330072476279 
0.000137218889896 0.021107092222370 0.348895380627765 0.469351572092730 0.131512526848732 0.028996209318507 
0.140249342413485 0.000116938380621 0.858564540489951 0.000131305561118 0.000007401014865 0.000930472139961 
0.000023926043437 0.999898996348992 0.000000000017267 0.000000061703757 0.000076977990953 0.000000037895593 
0.000083540851316 0.002697926380062 0.001822702829395 0.006035904810927 0.988571004475071 0.000788920653229 
0.365840330698804 0.002531613846306 0.056311398984520 0.009054120729371 0.566205441556589 0.000057094184411 
0.999245225813949 0.000753994820630 0.000000004638684 0.000000747325459 0.000000026917612 0.000000000483667 
0.121312593452807 0.000175887732901 0.000187747112355 0.009814890107441 0.003931655685872 0.864577225908625 
0.782214003117056 0.018583653763119 0.001164542567957 0.181444235556223 0.013061727175568 0.003531837820077 
0.999999948895462 0.000000051102621 0.000000000000005 0.000000000001015 0.000000000000731 0.000000000000167 
0.011241938042210 0.001727320308969 0.674034470841611 0.190730464980870 0.084739534616656 0.037526271209684 
0.461830292444943 0.524689936631618 0.000010075359305 0.003275650552117 0.010179139623840 0.000014905388177 
0.005021111441125 0.004691448164204 0.000154298122400 0.007571652290122 0.055378161086094 0.927183328896056 
0.991884014442893 0.000034458353796 0.000196009172873 0.001957470697701 0.005610311139172 0.000317736193566 
0.034219343168441 0.280990840833371 0.000161969387753 0.003427194765409 0.638225758309673 0.042974893535353 
0.000000000322686 0.000000089223048 0.000000002436068 0.999999550080005 0.000000000001768 0.000000357936425 
0.824852596089342 0.000767462775990 0.000002458988233 0.166085829342006 0.000587513942673 0.007704138861756 
0.946936925054120 0.052654014577416 0.000000323375130 0.000408551413221 0.000000185162357 0.000000000417756 
0.821524302526914 0.000088144437055 0.000485887346222 0.172088954448943 0.002517387154438 0.003295324086429 
0.526598623871917 0.416371809460815 0.000034062392376 0.015763681168345 0.038799665824696 0.002432157281851 
0.771214473479443 0.006623649556719 0.005553267596296 0.024675763093064 0.183067788021728 0.008865058252750 
0.142270042052472 0.362736601887876 0.007435508395417 0.209437833162477 0.274435690892899 0.003684323608860 
0.000007484864210 0.984572559410054 0.000378991158431 0.010328505501941 0.001807185381581 0.002905273683782 
0.000372661666990 0.002583576476041 0.000030532477374 0.002237805437042 0.406529163778051 0.588246260164503 
0.000000015111090 0.000000002607622 0.000017773713620 0.000015315671771 0.000083841121982 0.999883051773915 
0.285415050944371 0.013404687241936 0.000423206279660 0.695467610348285 0.002379033802611 0.002910411383137 
0.000399660376140 0.007363385753502 0.000070719767224 0.002316732639117 0.988234332055934 0.001615169408084 
0.016599543390874 0.901081031296126 0.000014220868058 0.082205744858561 0.000001967572339 0.000097492014042 
0.000267302414492 0.337027785670473 0.000120915342987 0.000392372112458 0.076943807061545 0.585247817398045 
0.000000001995697 0.000016432432773 0.999807450640635 0.000002120131235 0.000173345721417 0.000000649078243 
0.000000181006250 0.000007769969833 0.973055385457739 0.000041813375731 0.021678066801595 0.005216783388852 
0.000000262423999 0.674863841251684 0.000219139000256 0.001489864168708 0.323419730174370 0.000007162980984 
0.737923925970106 0.062473591905893 0.000451279109849 0.086845939445652 0.083643334240018 0.028661929328481 
0.000003656126118 0.000000730310239 0.539023338812321 0.000313880440030 0.000569890677835 0.460088503633458 
0.000635972085776 0.029485286998156 0.004224071161067 0.554645623230198 0.410735474571103 0.000273571953700 
0.058001402383493 0.130597266888940 0.279196068442628 0.403636325957701 0.000852522471433 0.127716413855805 
0.012329573389356 0.173992242897917 0.026921917106008 0.028187869256172 0.758407406747654 0.000160990602893 
0.011469810005588 0.000001009357152 0.960561843140361 0.023402629001381 0.001781909187122 0.002782799308396 
0.000002189702560 0.999445313065421 0.000001440118954 0.000437412076296 0.000113643427451 0.000000001609319 
0.000000000183019 0.000000007501784 0.000000000004944 0.999999991568066 0.000000000050543 0.000000000691644 
0.000211059691127 0.990892161772361 0.002120626811580 0.004800267813435 0.001672244457849 0.000303639453648 
0.001627751838724 0.607553248208217 0.000294478236852 0.002663470103366 0.386197857658256 0.001663193954584 
0.000003007574619 0.816917981993183 0.000000010967751 0.177618625893137 0.005460272519914 0.000000101051396 
0.001064368041628 0.000887045709678 0.793656886432753 0.001216759569975 0.203112748237274 0.000062192008692 
0.000000004851522 0.999996662996439 0.000003181418673 0.000000150462593 0.000000000267382 0.000000000003392 
0.782728340618851 0.211347920734364 0.000009359959541 0.000620112533941 0.000375091864484 0.004919174288819 
0.001608897393533 0.007356829721948 0.067968142016829 0.368731632278509 0.554146501895734 0.000187996693447 
0.000000067363509 0.000016912756899 0.000000751862501 0.000112176461806 0.000802031740088 0.999068059815198 
0.010987422308010 0.006145531252221 0.006582832948997 0.514571848133764 0.003471390353820 0.458240975003189 
0.785276463473051 0.000041483307505 0.000008515100507 0.214623609090964 0.000002169856676 0.000047759171297 
