0.000109142746550 0.000012881480076 0.000043681585411 0.000002963291450 0.000000204517983 0.862664062182167 0.000009570358129 0.000000490446355 0.000078284969708 0.137078718422171 
0.002171251232312 0.001621903737868 0.322631113186489 0.000295977928337 0.000123918598349 0.001373176413475 0.001483543682869 0.669083995549059 0.000566572405959 0.000648547265283 
0.060505523975422 0.057388484586975 0.010585600839231 0.187201329537328 0.019490416169114 0.005686555282177 0.000225493186911 0.561125543812028 0.001363240609181 0.096427812001634 
0.546803953919183 0.003721066556167 0.077089750642608 0.162573520912997 0.128658336418445 0.001865987373593 0.000824169007297 0.004252684097053 0.013794146504505 0.060416384568152 
0.057336835837484 0.001722011830977 0.020322594089928 0.000519313919815 0.002094475735490 0.858660207724693 0.004306210471770 0.038895294389954 0.000247997472716 0.015895058527172 
0.000000178725084 0.000007398605267 0.000000606162913 0.989369850732373 0.000001169835926 0.000001001124136 0.000002415879747 0.000014433191291 0.010479052097136 0.000123893646125 
0.399789837628052 0.041385434824824 0.000163235555288 0.001874861899489 0.000467422837713 0.001451236574656 0.000024047818416 0.022960124711084 0.530918753585027 0.000965044565450 
0.000010938320745 0.000058445476176 0.000028440161640 0.002112763929465 0.000024664187395 0.000015902117691 0.000006342939398 0.000215739203814 0.000271260140490 0.997255503523186 
0.372007571248085 0.000084076700706 0.000591220761081 0.000038589471719 0.000161577917217 0.625170371433835 0.000066678294880 0.000083978388490 0.000033204967422 0.001762730816566 
0.000296369047095 0.000009278737186 0.000334532976266 0.655730695486921 0.000133439135292 0.010515918739139 0.024340464701861 0.001369107653052 0.000751059937224 0.306519133585963 
0.999987293718855 0.000001347473761 0.000004074662217 0.000005345514786 0.000000304811371 0.000000171097425 0.000000041914555 0.000000248781035 0.000000376758022 0.000000795267973 
0.000004322076157 0.000000167200076 0.000000502995467 0.000236844990536 0.000289946342147 0.000001690333554 0.000000063799232 0.000076050369610 0.000054870226488 0.999335541666733 
0.000000000486547 0.002164148455832 0.000000002837568 0.000000002661494 0.000000008621055 0.000000080618449 0.884884352334739 0.000000000149531 0.000000080253271 0.112951323581514 
0.001011050599389 0.000085224185985 0.019325200848943 0.000055369852483 0.000001477446510 0.017724360408806 0.000089675290835 0.961245642488570 0.000000995087373 0.000461003791106 
0.001746042234236 0.000078206825414 0.990462143937279 0.004241265307324 0.000244438544418 0.000050685857416 0.000002719061884 0.002565521177940 0.000015743647101 0.000593233406988 
0.002097797700559 0.000362436888848 0.000196183483064 0.065789159822773 0.000282562667942 0.000444820290669 0.000009545218604 0.095178595603925 0.791844536639428 0.043794361684189 
0.780651690502110 0.007503368638404 0.005773411025746 0.105026118988055 0.043719274611764 0.000942300617452 0.000262325041298 0.010669837883144 0.006407287865507 0.039044384826521 
0.005850724288716 0.124233202366602 0.193348732703881 0.031048498931408 0.009823382013330 0.009236799614755 0.092121693979344 0.142555509415678 0.316374128309504 0.075407328376780 
0.000047211616943 0.000355327885380 0.000038144439137 0.988288545297913 0.000138093222712 0.000009346107851 0.000052873907964 0.011019370790086 0.000023524677675 0.000027562054340 
0.000528252456198 0.000001868590318 0.000001919000171 0.990677474920620 0.000013418633573 0.000320367990749 0.000002515104381 0.000014495877609 0.007514233539047 0.000925453887334 
0.001129300964600 0.000586272151949 0.000925166854869 0.074201088947262 0.001147033249440 0.000521679860086 0.002301991978937 0.918506357189730 0.000516504553653 0.000164604249474 
0.020933966590284 0.000082535649442 0.977045317665942 0.000076330173166 0.000011901189040 0.000086856759084 0.000063973460295 0.000307571418160 0.000002298480643 0.001389248613944 
0.006497001233456 0.005295792946938 0.010789671368347 0.397046229792808 0.144347375111435 0.000557207666470 0.000237633126895 0.065800847734314 0.009331499515765 0.360096741503571 
0.015290578516280 0.000024639038955 0.000897281049363 0.615765897931653 0.000252664402148 0.000320955387737 0.000351676646129 0.319490281487790 0.047448592199334 0.000157433340611 
0.000028825614092 0.002007662462032 0.000001011441327 0.000207013988874 0.000034604072245 0.000002035835643 0.000001739984787 0.000007844529188 0.000030751118577 0.997678510953234 
0.000508514385287 0.027446488211291 0.000990998979675 0.012438645835970 0.056132682898629 0.002339853278145 0.884310482708825 0.012810219179025 0.002209835825699 0.000812278697453 
0.071732377072787 0.366655314344700 0.017269850038374 0.000116267955417 0.001314777183097 0.000681609891606 0.538018103250931 0.003154955870591 0.000059039545834 0.000997704846662 
0.062918001981999 0.000100253061239 0.000499983251956 0.935557232905821 0.000002691443325 0.000133311380918 0.000011480932339 0.000199309641282 0.000565005576931 0.000012729824190 
0.000000000999285 0.000000000055413 0.000000000000799 0.999999979732372 0.000000000020097 0.000000000003533 0.000000000254793 0.000000000412589 0.000000018271561 0.000000000249558 
0.000073737069794 0.000349627623420 0.000342140220678 0.962246231713248 0.000333458244967 0.000446242111228 0.000115362074362 0.035825874223840 0.000041674342640 0.000225652375824 
0.293369919822545 0.007209317868195 0.000636061092856 0.574565634861893 0.104000357610107 0.000002685883211 0.001157732484898 0.000007793886284 0.018466427203733 0.000584069286277 
0.004484152479452 0.000965996092182 0.000137588148107 0.980212622495438 0.000026121397051 0.003695191980418 0.001617501783245 0.000476293751479 0.008066740600969 0.000317791271661 
0.000000000502623 0.000000011728478 0.000000000004938 0.999999100516512 0.000000623815678 0.000000000011226 0.000000000001444 0.000000000176327 0.000000191675711 0.000000071567062 
0.021942106596000 0.003458190469129 0.005215445265336 0.025643944617710 0.093956082576678 0.000620225266706 0.000064465019635 0.513139360649178 0.000109227487148 0.335850952052481 
0.790547366384997 0.000665907554176 0.019311013375604 0.000542816243751 0.000554801755901 0.031568998356936 0.000036970520557 0.155086895254695 0.001240134168764 0.000445096384619 
0.938087400672620 0.000118756882762 0.000199275522305 0.051558295675443 0.001121210743442 0.002858746157842 0.000030960692045 0.000029788380499 0.000056313731341 0.005939251541701 
0.000000000000008 0.000000009167144 0.000000000000088 0.000000000122840 0.999999990670094 0.000000000000025 0.000000000000000 0.000000000001910 0.000000000028148 0.000000000009743 
0.000000131857089 0.000021373447853 0.000009294821314 0.999842851504191 0.000005660846261 0.000000319842496 0.000001602914279 0.000004251208932 0.000108720829241 0.000005792728344 
0.108600202048896 0.002267965712907 0.031076231544938 0.005587082674290 0.519176170614334 0.000962716087028 0.001234706472800 0.299721367472342 0.030936393312910 0.000437164059556 
0.000000012553179 0.000000016300144 0.999998129494593 0.000000000895838 0.000000000619560 0.000000005235613 0.000001830554063 0.000000000101373 0.000000001754886 0.000000002490750 
0.747040246990645 0.015069202052719 0.001409815806048 0.024632804278132 0.000456895336108 0.013814711317495 0.000086976184590 0.000714872597020 0.036235128970996 0.160539346466248 
0.004281470737255 0.009961827919043 0.932821235592107 0.013543186516737 0.000021138559978 0.003077130727356 0.000900615897424 0.007565364895422 0.002090155741712 0.025737873412966 
0.676955220137388 0.000065874433365 0.004621157090253 0.000882991615557 0.000298106380741 0.000174150593564 0.000013828897233 0.185563126023485 0.000012532940337 0.131413011888079 
0.939765611211297 0.000007787623739 0.000019928458258 0.000101190590510 0.000004531965694 0.038326459046654 0.000000007668193 0.000000208965894 0.000000407357449 0.021773867112312 
0.453620395853650 0.002135164548925 0.279572238621283 0.007025818464298 0.000045895909470 0.000449828318169 0.000705308993038 0.122217313186595 0.000809547941362 0.133418488163210 
0.004677893501290 0.012095880039748 0.000040135859277 0.976490383204296 0.000040687876811 0.001529801367846 0.002400929375144 0.000092086668363 0.001204561863464 0.001427640243762 
0.000000000000001 0.000000000000994 0.000000000000010 0.999999946774263 0.000000000000941 0.000000000000049 0.000000000000065 0.000000000000038 0.000000053190818 0.000000000032821 
0.000000000000000 0.000000000000000 0.000000000000000 0.000000000000000 1.000000000000000 0.000000000000000 0.000000000000000 0.000000000000000 0.000000000000000 0.000000000000000 
0.000574864899957 0.002569380392976 0.000048703946151 0.000837898403781 0.000075463572516 0.000257917574861 0.000069046490743 0.000802749778140 0.006297449924795 0.988466525016079 
0.000003585851983 0.000000273703219 0.992030466414293 0.000000064073725 0.000000090390066 0.000001656387619 0.000000022385297 0.007879258645506 0.000017534127030 0.000067048021262 
0.081991351231369 0.150674784466244 0.005419013397570 0.142059185337071 0.000763229710246 0.000930125057833 0.014124766824743 0.163416763491900 0.008854783034602 0.431765997448422 
0.000000032857116 0.000000610377948 0.000001088818402 0.000001477998893 0.000000009209802 0.000000124768292 0.000001701993265 0.000001973723920 0.999992515335614 0.000000464916748 
0.596708434204898 0.004475636647374 0.000234361521818 0.396893748631490 0.000039351098404 0.000462055904032 0.000004090036475 0.000018981292487 0.000063870263182 0.001099470399841 
0.000005949211628 0.000000011843036 0.000000091241514 0.000318290571112 0.000018833114147 0.000000146475765 0.000000137828477 0.000191560696461 0.000000682238969 0.999464296778892 
0.000990081468463 0.001165059259372 0.005918008274313 0.715307093681824 0.016485182582504 0.000755150623835 0.000157114875853 0.012384701391294 0.000224201955140 0.246613405887401 
0.001388202429975 0.006292190079006 0.000311585716383 0.944531648298273 0.000090179711457 0.000221901696080 0.000007843729897 0.003611666117880 0.000529769217669 0.043015013003380 
0.009994347006296 0.000042755374756 0.007480350384835 0.000010172672037 0.000058208704928 0.971906526595051 0.000015531417575 0.000045830733939 0.000003614035130 0.010442663075452 
0.001691097254519 0.000315961970639 0.610724881069179 0.000767771267695 0.000435437755809 0.009635330287852 0.000232546884920 0.375371642278391 0.000172230183842 0.000653101047154 
0.014992859628026 0.001375971549371 0.016803447319833 0.000919232738273 0.009624328032853 0.000140026171154 0.000071446530299 0.948900611080826 0.002766945662640 0.004405131286726 
0.034068112310361 0.000052946771782 0.000012318806802 0.941648275167400 0.000010162120214 0.000024185834315 0.000006811055514 0.020138266758426 0.000000306124653 0.004038615050531 
0.001610361873473 0.000123655589711 0.000015573335654 0.911749170475578 0.004123139632492 0.001835259557757 0.000044420461099 0.000119704977983 0.078320933709230 0.002057780387023 
0.002761140843838 0.001570925511649 0.000894207832084 0.000431129376487 0.000846058260033 0.016296705055432 0.001098672841368 0.917252641963552 0.000197030437627 0.058651487877931 
0.784106758260829 0.033944104358646 0.000220465332722 0.000104846823509 0.000115230038059 0.000165136179088 0.002548959361456 0.006372839823024 0.169058563136463 0.003363096686203 
0.192459800567687 0.003855448349791 0.550004964033027 0.020362954695063 0.002197119762389 0.040788545877549 0.000533944863994 0.038373238543235 0.047680919324239 0.103743063983026 
0.000004281175654 0.001392822659640 0.000033333992011 0.781716684188642 0.000289736432840 0.000010349804777 0.000009933050760 0.000218810849883 0.000372864639668 0.215951183206125 
0.000000652490796 0.000069992336292 0.000000114829341 0.999601276066916 0.000004613845871 0.000008888619535 0.000022123972619 0.000001025645073 0.000202407249512 0.000088904944044 
0.020245666785806 0.023465582772755 0.000446128962473 0.009399126738192 0.000715712151978 0.077649319414202 0.000123676348886 0.784771650802582 0.059740655469693 0.023442480553435 
0.000403672892552 0.000192554432136 0.000509473010175 0.972659039727900 0.000010461887358 0.000020855941634 0.000497875914397 0.000137462187337 0.000515102483575 0.025053501522937 
0.000000465546310 0.000000046263882 0.000000303369513 0.999915742897225 0.000001511611495 0.000002529230983 0.000000574477870 0.000000742885239 0.000039970684476 0.000038113033007 
0.000816032938088 0.001790623960633 0.004826251794762 0.972256968564078 0.004826010488205 0.000015326991424 0.000050365953421 0.000053059579275 0.014840799938103 0.000524559792011 
0.086739681196667 0.005131463304296 0.003274212764730 0.010041128044784 0.005661678839637 0.000280128028132 0.000619347647089 0.004217870850840 0.001108426523225 0.882926062800600 
0.000000000057671 0.000000978365486 0.000000000019934 0.000027928230663 0.000000000215655 0.000000000882473 0.000001744290755 0.000000000167784 0.000001876236726 0.999967471532852 
0.003488760119011 0.000298240940596 0.000007423581965 0.000051418173773 0.000021946149118 0.995411685973819 0.000003811838754 0.000038512454609 0.000048130288877 0.000630070479478 
0.014314931486924 0.056071247139586 0.000944280660129 0.223435582813137 0.000183154201911 0.000028958345386 0.005802292815388 0.000417484923147 0.000121849713817 0.698680217900575 
0.000000536311391 0.000000008621464 0.000000269720152 0.000000000266579 0.000000001876550 0.999999109644621 0.000000000058797 0.000000000319977 0.000000000182986 0.000000072997482 
0.000000080746502 0.000000892908977 0.000000646572055 0.995140654743776 0.000010647108657 0.000000964861576 0.000005003408438 0.000000476984811 0.004093965616605 0.000746667048602 
0.002196241601454 0.003625866290597 0.001750263829826 0.014676499432478 0.000012014482721 0.000460499981469 0.000289169440454 0.000598150751778 0.973986590868764 0.002404703320461 
0.000003235386080 0.001491605395265 0.000008099872051 0.994492927261259 0.000568552845785 0.000030027939514 0.002491769215327 0.000736167935104 0.000146841131666 0.000030773017948 
0.000000991128058 0.000000058837755 0.000000018947154 0.999128290376102 0.000004518176432 0.000393983278555 0.000018861719940 0.000023334477040 0.000003564124595 0.000426378934369 
0.886745192699558 0.002963525694058 0.011113945514009 0.013218266151509 0.000537174476469 0.031775885114664 0.000168720407492 0.003292709138820 0.000255796690537 0.049928784112885 
0.793945082531621 0.000062346003501 0.000760965157955 0.000016203213265 0.000129534929710 0.178240594705679 0.000017084806713 0.000021534785809 0.000018646707189 0.026788007158558 
0.988399488422515 0.000000314240154 0.000000165120831 0.000849937005460 0.000000119593383 0.000001415867242 0.000000343964177 0.000004075209822 0.010729392698010 0.000014747878405 
0.000779546672826 0.000297020916439 0.006957166525579 0.651975694632927 0.002714824425746 0.062338379724802 0.041192956502428 0.232427252376399 0.000166634461827 0.001150523761025 
0.000004913507864 0.000320073007869 0.000124172051918 0.944034621113112 0.000007336398975 0.000015325040420 0.000023137116880 0.000051505475343 0.000348490203511 0.055070426084107 
0.990492229192756 0.001169272804276 0.000465395368774 0.000868725590964 0.003765203916107 0.000014800741780 0.000022244555894 0.000944123798241 0.000070126257767 0.002187877773442 
0.000000001158152 0.000000000107672 0.000000000000034 0.000000000011053 0.000000007834960 0.000000000001330 0.000000000003849 0.000000000002586 0.999999990880211 0.000000000000152 
0.066415979149833 0.000003561397259 0.000000329780815 0.845017787454590 0.000031301717128 0.002071965507663 0.000001371853790 0.000982826846249 0.085429175622778 0.000045700669897 
0.018907933563416 0.000561368121415 0.323171001405965 0.000239194464056 0.000250642313816 0.004252345016044 0.000190186824945 0.644929880993936 0.005778884085479 0.001718563210928 
0.001922792366364 0.016530968275335 0.094163109592655 0.857386224096603 0.002391733667731 0.003598900877242 0.008174450414731 0.009935423348945 0.003827142675225 0.002069254685169 
0.372749062821323 0.000755319409251 0.000127401143453 0.049249314040685 0.000161594598175 0.363327793580675 0.000034573611525 0.000933623935405 0.000115953670420 0.212545363189088 
0.224720890147041 0.538597825971951 0.000336636738917 0.162722963422829 0.000052738957973 0.007102921255946 0.033493089833494 0.010287896878043 0.017215088608177 0.005469948185631 
0.845721044502519 0.000271533317866 0.000570655014657 0.079574967965742 0.000066054809845 0.032424670576601 0.006024843901650 0.001837923810354 0.005341348614407 0.028166957486359 
0.000003967034532 0.000000189886196 0.000000321325596 0.001762466709768 0.000001494153232 0.000000101178363 0.000000094966569 0.998230655607288 0.000000276191627 0.000000432946830 
0.002457863512052 0.004182915458624 0.000178076950051 0.027477582256512 0.000022210513559 0.000177692718958 0.000820541723489 0.000328302605408 0.003627629778947 0.960727184482400 
0.000000000010972 0.999999187120791 0.000000000047402 0.000000000222596 0.000000024384679 0.000000001362192 0.000000108634064 0.000000000048341 0.000000001003923 0.000000677165040 
0.000016397099626 0.034550056589895 0.000007766693036 0.000858910277947 0.000202918306520 0.000013837530015 0.000039301963015 0.000129188614850 0.000039043033743 0.964142579891354 
0.011666547918311 0.008557803821604 0.009436777867901 0.241590125593843 0.003734670496977 0.000214555377095 0.000037765571221 0.016903024904408 0.000609871252443 0.707248857196198 
0.010237226944311 0.003856032390416 0.002946413820323 0.164100455972351 0.002519420152210 0.000729503419712 0.005818751831009 0.006526375768409 0.543977984689963 0.259287835011296 
0.000005143551535 0.000001560109172 0.995594973767034 0.000000012959266 0.000000217406980 0.000405412797463 0.003987284895822 0.000000014905661 0.000004695228597 0.000000684378468 
0.000000035192063 0.000004312230502 0.000000008447923 0.000000138763434 0.000000427887610 0.000000037019713 0.000000094067308 0.000000012818771 0.999994730187711 0.000000203384966 
0.049232820891247 0.001203953220080 0.000859349554717 0.808847578793318 0.000271566154142 0.001958992856353 0.002793008952736 0.030125756164055 0.098865515009344 0.005841458404008 
0.000000134548010 0.000001203381862 0.000000255535435 0.392815694886595 0.000518632640670 0.000040457207521 0.000000490321398 0.000066129755942 0.000035286371436 0.606521715351131 
0.000018007365078 0.000006180324914 0.994306556676313 0.000003263208276 0.000004609737183 0.000108564758255 0.000500591723254 0.001788997784685 0.000044373872775 0.003218854549266 
0.019451255850325 0.000012945223975 0.000001951477768 0.002977969332292 0.000016523058912 0.000014880281022 0.000007822130150 0.000282434570554 0.000004611655555 0.977229606419448 
0.001234467322107 0.001663108695058 0.000007631518465 0.001084593821570 0.000082673311713 0.001868172273216 0.000374951557597 0.078752620937916 0.206359864323870 0.708571916238489 
0.193653340658017 0.000184550831645 0.001809539977363 0.000133785120676 0.000010278095044 0.408131594043559 0.000221093333480 0.003216036358709 0.000001157664873 0.392638623916634 
0.999989368219483 0.000000098397875 0.000000008689064 0.000000021521775 0.000000000708791 0.000006812437095 0.000000005621987 0.000000000013751 0.000000040106131 0.000003644284049 
0.000027638569392 0.000000000207766 0.999971681390870 0.000000000000367 0.000000000007239 0.000000000150262 0.000000679615718 0.000000000047540 0.000000000003557 0.000000000007289 
0.000000003616236 0.000000000704444 0.000000003824905 0.998928463477487 0.000004411591227 0.000000596037584 0.000001496949614 0.000057065426730 0.000003394822398 0.001004563549373 
0.001104231392402 0.000099915107400 0.067495141699075 0.002565205572049 0.000109174868998 0.000435028218649 0.000019869003403 0.125135308575505 0.000131751938323 0.802904373624198 
0.999730060739567 0.000012773421697 0.000026129072473 0.000076136713207 0.000005863534521 0.000000923458500 0.000000717832217 0.000000479817518 0.000146587215984 0.000000328194316 
0.496787904459015 0.000094793274476 0.000330830930999 0.377712446818451 0.118816844241303 0.000002375620015 0.000057051163039 0.000022530015950 0.005696450054815 0.000478773421936 
0.816557095857688 0.000075145190578 0.000238233698058 0.113706075923686 0.000210743576360 0.000814838648642 0.000027763775086 0.055747180637220 0.003446505563304 0.009176417129379 
0.000120638360883 0.000001506738404 0.000259757711402 0.781646066995783 0.000025222269569 0.000339828445198 0.000002173366434 0.001770694846760 0.000010375085607 0.215823736179961 
0.004091665874486 0.001022259313907 0.000013504857971 0.921418371887704 0.000305289183610 0.000483165608867 0.050332157724345 0.000424698485126 0.000050729595116 0.021858157468869 
0.018077718998334 0.005737767431232 0.001061116000990 0.001611831621409 0.001680970298643 0.653146325046096 0.000284190976432 0.028466022566715 0.246850079165686 0.043083977894463 
0.000000157742661 0.000000000816552 0.000000000157611 0.999999142110703 0.000000000293542 0.000000000239514 0.000000000101947 0.000000004705749 0.000000693675991 0.000000000155731 
0.000017166889924 0.000000266975743 0.000000039209058 0.000006872119158 0.000000070165575 0.000000207827374 0.000000136892754 0.000019403869874 0.000013868117828 0.999941967932711 
0.000000047204594 0.000000019455917 0.000000007939190 0.993188693297908 0.000000497925878 0.000001019854478 0.000000670337440 0.000000963036417 0.000002924204414 0.006805156743764 
0.264212117630449 0.002460076031069 0.207761805245036 0.015882363129124 0.000065529966077 0.000088264460027 0.079336020510061 0.404742983253114 0.002484899600217 0.022965940174826 
0.000000000000006 0.000000000000000 0.000000000000022 0.000000000001815 0.000000000002973 0.000000000000000 0.000000000000001 0.999999999995135 0.000000000000042 0.000000000000005 
0.000344190146713 0.000027277501915 0.000192676430631 0.979171668233223 0.000203318203504 0.000423363545998 0.002250982928097 0.000156526019780 0.000045511373272 0.017184485616867 
0.000020864922809 0.009104002349774 0.000710407972716 0.834384339961618 0.000512832568379 0.000265116516556 0.000660534538783 0.140389981960391 0.013572614670329 0.000379304538646 
0.000722853213582 0.000155624519156 0.014990863244373 0.946386358508053 0.005976600323192 0.000125702270396 0.001772978496089 0.025439444396502 0.000944760236635 0.003484814792020 
0.041670157892600 0.001582024307935 0.807566362632368 0.001859776342536 0.000243944444655 0.001697480740437 0.081392671199131 0.036626617659761 0.027319349787472 0.000041614993106 
0.006622221038562 0.003845393036903 0.001769517336214 0.177892034407425 0.697600659511076 0.000029970755722 0.002129769627981 0.001190301716179 0.107464097817395 0.001456034752543 
0.000000369609753 0.000000356051267 0.000000005916480 0.000001423096952 0.000000022414582 0.000000154198653 0.000000076125381 0.000000841017130 0.000000860569025 0.999995891000777 
0.008563717207465 0.000077925218380 0.000034843256860 0.001093850837911 0.000030176383890 0.000037033378518 0.000053299109733 0.000673660064327 0.001018815164929 0.988416679377988 
0.000000296994982 0.000000353787073 0.000000510451304 0.999929408956205 0.000001013561093 0.000000083827008 0.000001091917106 0.000063220585271 0.000001991539513 0.000002028380445 
0.000246571133546 0.009652396698883 0.000073964964329 0.001532830838496 0.000022855494000 0.000042334041503 0.003053829103846 0.000029659768337 0.000065181228828 0.985280376728231 
0.010753516231164 0.024315908145890 0.017763127008468 0.052468332249896 0.101844057194235 0.010587698330972 0.009857630174987 0.709820976425787 0.001605287378152 0.060983466860450 
0.000142844870704 0.000131529244847 0.000000031605922 0.000000417349709 0.000000236276918 0.000008520109741 0.999508783888014 0.000000146397350 0.000201059165641 0.000006431091154 
0.025727069911434 0.056164997439949 0.001816867276811 0.228540569475328 0.000464721834165 0.000093697266928 0.626553234197638 0.006675843354258 0.000053659526479 0.053909339717009 
0.071420737033080 0.006194589574610 0.030929526005018 0.068468806488029 0.003538554328001 0.002340297976892 0.000992377461839 0.011134249093227 0.000941470995373 0.804039391043930 
0.275274132786523 0.006450369704173 0.014217213483903 0.619317117501208 0.000806886268106 0.010042573916991 0.000356513720797 0.000783093989626 0.018877588931094 0.053874509697578 
0.000000145213448 0.000000292365494 0.999950877295174 0.000000007555658 0.000000025157013 0.000000001119673 0.000000025018529 0.000048579976219 0.000000000180174 0.000000046118617 
0.012809953777405 0.000358560636986 0.051901230948128 0.000154148710114 0.000017857574975 0.928223465910885 0.000012532155567 0.004339818415892 0.000174097900330 0.002008333969719 
0.128932990848941 0.236908222338122 0.005352141807352 0.279195657839634 0.005353228402425 0.002390548454810 0.000085240621433 0.013254437719928 0.151183271382064 0.177344260585291 
0.002458254652422 0.000890136557397 0.370010212737711 0.000562947225780 0.000172955768126 0.002870185343351 0.000202515390521 0.622274060385806 0.000129637991627 0.000429093947259 
0.028816899576073 0.000131213699091 0.002609015653339 0.000088147124243 0.000321779743426 0.039097636042143 0.000084278541626 0.928028093859394 0.000016601570260 0.000806334190404 
0.001511862397577 0.003369796196510 0.000555560517591 0.008787078294354 0.000532624964785 0.006359840298401 0.010413929309819 0.308349002577250 0.218993547677472 0.441126757766240 
0.000028437264715 0.000793737992798 0.000113723540855 0.990039799590296 0.005856986041727 0.000008347319112 0.000003360603003 0.002662445719877 0.000294246962405 0.000198914965212 
0.000037939070021 0.000006086897148 0.899000124892523 0.000000151195505 0.000007487151757 0.000028745190100 0.000000219500329 0.100901336533872 0.000000926082878 0.000016983485868 
0.003612542095199 0.001009847880376 0.948492332969638 0.000010508337451 0.000150944011759 0.010191394686468 0.030466377729147 0.005553585226864 0.000322414822478 0.000190052240621 
0.000126268968659 0.015981935045069 0.001158179093380 0.034426927167982 0.000082976240159 0.025507665751365 0.027914018691279 0.005069291299460 0.000233166852788 0.889499570889859 
0.995740202376595 0.000000566570171 0.000000412211654 0.000003094225590 0.000000196206356 0.000000013471508 0.000000024797354 0.000000646766893 0.000000006675319 0.004254836698561 
0.001249247555072 0.001147452208964 0.000042131037132 0.016092276141664 0.535290405756297 0.000013540764024 0.000002022743368 0.007455704276598 0.438587534349122 0.000119685167760 
0.844727306545946 0.110325364731891 0.008929432661533 0.004397239075471 0.000382967121217 0.005280489813516 0.018727328256261 0.001346857176675 0.000216473716908 0.005666540900582 
0.122727868520694 0.000355517591633 0.383235412051679 0.250780850765820 0.005142793700112 0.001817968107979 0.002352313832300 0.220077433138093 0.000053622284229 0.013456220007463 
0.000000000000034 0.000000200269836 0.000000000000090 0.000000000005506 0.999999799717030 0.000000000000129 0.000000000000002 0.000000000001223 0.000000000000067 0.000000000006082 
0.000000000000000 0.000000000000000 0.000000000000000 0.000000000000008 0.999999999999988 0.000000000000000 0.000000000000000 0.000000000000000 0.000000000000004 0.000000000000000 
0.000001769392741 0.000000871740408 0.000000045786152 0.999855856210478 0.000001378583336 0.000001408557884 0.000012780203904 0.000000267233199 0.000016906571691 0.000108715720206 
0.989273893239137 0.000058129687850 0.009130598383827 0.000050557763376 0.000173090142176 0.000029590001344 0.000118155849539 0.000933981388937 0.000037465350225 0.000194538193587 
0.660426201130176 0.000049355571880 0.135509992894016 0.000006389849175 0.000039009322845 0.200566404393351 0.000003729710680 0.000916196320022 0.000164186120409 0.002318534687446 
0.000420867582213 0.000005622004386 0.000019773610637 0.999327920629694 0.000013747242419 0.000001941029015 0.000015296258449 0.000027487029879 0.000006344309394 0.000161000303914 
0.000575443460684 0.001142044069836 0.002687336892739 0.001512369612414 0.001149862880063 0.000049132020923 0.000625919006111 0.013484969577153 0.004642011106861 0.974130911373216 
0.000000000000000 0.000000001100446 0.000000000000000 0.000000000000007 0.999999998899472 0.000000000000000 0.000000000000000 0.000000000000071 0.000000000000000 0.000000000000002 
0.026278683302149 0.012575092724839 0.960215837291509 0.000043600707125 0.000265386265053 0.000007650900617 0.000407163925083 0.000110619166384 0.000040772317916 0.000055193399325 
0.000000360367144 0.000002521233021 0.000000332122327 0.994184493932629 0.000006934910000 0.000003898173367 0.000015385385664 0.005563084924953 0.000037794182021 0.000185194768874 
0.002388393568181 0.001283753222841 0.007846777929915 0.002925171152791 0.000711847192945 0.001011463197365 0.001348925018622 0.663791432694616 0.063318528316816 0.255373707705909 
0.006202925437966 0.002423253419717 0.092260032057671 0.098580258706135 0.003501148388226 0.010646285219210 0.005339654900988 0.215502180021262 0.410777220763558 0.154767041085266 
0.113582414338054 0.006509409144849 0.007234127011431 0.692084938056482 0.000006906644850 0.000158012472522 0.001280740838962 0.005639223004961 0.150200142932121 0.023304085555770 
0.045460700580213 0.838469519366600 0.001805663707567 0.002277112582535 0.003791828017089 0.011464281315053 0.051164617526800 0.000656723782825 0.000478073032369 0.044431480088951 
0.000189250711375 0.000000483623606 0.000001909844168 0.887844284429464 0.000012752937679 0.000059645914275 0.111252942734591 0.000017209501623 0.000020546315927 0.000600973987294 
0.127833586027244 0.041539239427606 0.059446949445840 0.478252726301524 0.082357317308576 0.030719735827655 0.002276249901718 0.071466750165065 0.004429511507911 0.101677934086861 
0.000000646803299 0.000000135704704 0.000022112563895 0.000001239615126 0.000000085806197 0.000000169810181 0.000000102708125 0.999975391379925 0.000000027052008 0.000000088556541 
0.035376911677635 0.006124795663790 0.297689023062265 0.049491423644702 0.096492896560204 0.014232376363056 0.001330971856898 0.476214981872290 0.001401859255025 0.021644760044135 
0.004311717508304 0.000024261035779 0.000158537569619 0.937940316525471 0.000366241003983 0.000184631435526 0.000048377343641 0.054313690299646 0.001947156919247 0.000705070358784 
0.254474545937489 0.000969883628816 0.003769562002589 0.167435937433844 0.001427465958068 0.001324229545241 0.000151274504046 0.002791281515773 0.560781201909618 0.006874617564516 
0.000000025229097 0.000000001961419 0.000000003174620 0.999972116693743 0.000000143793458 0.000008769963761 0.000001054549513 0.000000257095588 0.000009472119311 0.000008155419489 
0.000028427511817 0.000260197355373 0.000000019885795 0.211035237778451 0.000019926836722 0.000000352209328 0.000049010702969 0.000003119024842 0.000006940545698 0.788596768149004 
0.000834199204212 0.008898243954855 0.740923179718637 0.000011266032529 0.001090697008077 0.000321668730209 0.043956783093763 0.189679716821204 0.011314747335945 0.002969498100569 
0.000010371651350 0.000000519144120 0.000046554154720 0.000035784085397 0.000001194856689 0.000001068169304 0.000002482525162 0.999865703639160 0.000001338388466 0.000034983385633 
0.000281430766152 0.000000834833038 0.000000056949320 0.002929644815120 0.000000122717105 0.000018552554179 0.000007032747617 0.000010971528193 0.000000151096960 0.996751201992316 
0.286397167558803 0.000006901265663 0.000058835465286 0.495466402007011 0.000041168146915 0.000002494092222 0.000002796181745 0.203130685984021 0.000000128694336 0.014893420603996 
0.000000153855539 0.000000196862222 0.000000053351607 0.999778289368568 0.000008822130752 0.000009070849524 0.000001391759568 0.000003849548323 0.000055008560730 0.000143163713168 
0.999910187908977 0.000002213205112 0.000012284407089 0.000002257097604 0.000000046969855 0.000000624827756 0.000000490515079 0.000000815552682 0.000000419438126 0.000070660077720 
0.436954789267840 0.005974077739550 0.000785016715882 0.542940497387261 0.001144570815015 0.000022282129994 0.000379310454782 0.010415027682874 0.000230017412291 0.001154410394510 
0.020288593168673 0.000332750877446 0.001250906908744 0.471542301656546 0.000075932447339 0.000336825197576 0.005990014394676 0.002169569618172 0.009469459354613 0.488543646376216 
0.516069175716435 0.000003305230114 0.480424850656836 0.001413177645415 0.000114174513373 0.000000516028180 0.000000610276038 0.000161949263344 0.000042627777593 0.001769612892673 
0.041223466904407 0.774864115593153 0.014309414528252 0.000339971896977 0.000171755672505 0.011008598830252 0.000775977060274 0.000107946200365 0.000118368537699 0.157080384776115 
0.023478685728093 0.007312637525533 0.010205277814801 0.038442938280978 0.000956967373384 0.000388961084308 0.005519426827454 0.133393581721474 0.282140174262491 0.498161349381484 
0.000016020279202 0.000069855677928 0.000000122758701 0.354351759565424 0.000000475207071 0.000008775338726 0.000001572875338 0.000011656050132 0.645483785612572 0.000055976634906 
0.000213320184252 0.000138625250051 0.029753565408787 0.002057930714629 0.000035656242954 0.000836475515200 0.000076630429473 0.841132308546482 0.110529115007669 0.015226372700502 
0.000000130939627 0.000000038834784 0.000000000421004 0.999780538650583 0.000000511177226 0.000000092157249 0.000175498601205 0.000003211702186 0.000039585823927 0.000000391692209 
0.000022723450339 0.000039544137212 0.000042804680147 0.997509993105829 0.000637541546473 0.000016557471430 0.000019740797746 0.001655068117951 0.000032676215086 0.000023350477786 
0.107570603083326 0.002194485021950 0.006241730108037 0.321519245944531 0.061799631697280 0.006569563584890 0.002548557224807 0.093719605553533 0.396996476310239 0.000840101471408 
0.021953725230226 0.019215876521163 0.000079721723814 0.002186444786350 0.000801718155035 0.000033018635641 0.000006081443700 0.000008790592525 0.000002405919403 0.955712216992144 
0.003795376717953 0.003896714151825 0.006158126999816 0.379913529484817 0.000584220775612 0.002463427499860 0.014613282462467 0.581716765953671 0.005587492808328 0.001271063145651 
0.000000160183475 0.000000858898607 0.000000013411464 0.987028901536061 0.000000072163897 0.000000689578043 0.000000049615331 0.000000114794076 0.012968966628937 0.000000173190108 
0.999999998840413 0.000000000060936 0.000000000122350 0.000000000009453 0.000000000016471 0.000000000253326 0.000000000306768 0.000000000000165 0.000000000372425 0.000000000017692 
0.000151598300960 0.000030383334953 0.001904500913857 0.330219962940672 0.000112256256893 0.000385497329557 0.000751305429202 0.008275579812444 0.000383352244810 0.657785563436652 
0.000000402100735 0.000000667922829 0.000000024250146 0.998767564140661 0.000002537824866 0.000000285560136 0.000004938133185 0.000001257929810 0.000195393868918 0.001026928268715 
0.000000000000001 0.999999996102026 0.000000000000004 0.000000000000006 0.000000003894619 0.000000000000012 0.000000000000709 0.000000000000002 0.000000000002321 0.000000000000300 
0.000290567628052 0.431790738394199 0.488662012256044 0.000002548707449 0.000006389629899 0.004847150802962 0.074178998351026 0.000030361530045 0.000127829372589 0.000063403327735 
0.000559694352182 0.000189409594167 0.000004996930556 0.978478247436357 0.000271853096786 0.000063921376442 0.017308168471813 0.002851110467381 0.000003697932335 0.000268900341981 
0.000000000000086 0.000000000775130 0.000000000000073 0.000000019655666 0.999999785882698 0.000000000004929 0.000000000000006 0.000000000001641 0.000000193517050 0.000000000162722 
0.014513362817570 0.003063529855424 0.003411205673221 0.940300776105867 0.000938220576595 0.000789354148573 0.000072146954788 0.001815801192451 0.010352425071218 0.024743177604293 
0.000000000378513 0.000000012823414 0.000000000184644 0.000020059651431 0.000000000061907 0.000000000836537 0.000000068990974 0.000000005301425 0.000000003463140 0.999979848308015 
0.051955192764213 0.937326495746078 0.003108348852195 0.000001541224066 0.000388235435644 0.000264344968361 0.001394911077498 0.000000058095734 0.000037095918441 0.005523775917771 
0.000000773394260 0.000298241535050 0.000001589776879 0.980996017114200 0.000003217850785 0.000029234329266 0.000048615561665 0.000124352078933 0.008407619680761 0.010090338678202 
0.000004014778954 0.000000056650033 0.000000015256301 0.999856743155209 0.000000149402285 0.000003415508182 0.000000777195999 0.000000269781553 0.000086788774812 0.000047769496672 
0.000000000833264 0.000000000456887 0.000000002099892 0.000000000000489 0.000000000004625 0.999999995927810 0.000000000014564 0.000000000000056 0.000000000000804 0.000000000661609 
0.001993803196533 0.000678726499757 0.001476511142655 0.000133550174719 0.000415876045297 0.960786258809403 0.000021707921669 0.009391753047705 0.000972872706493 0.024128940455768 
0.000015283588502 0.000105520959961 0.000265066730052 0.036370366168527 0.000006378414821 0.000041190580674 0.000091221407948 0.000642981277119 0.960173816398186 0.002288174474210 
0.048152114917013 0.000473499255254 0.011830596043532 0.000465294407556 0.002377934041190 0.154636168979021 0.003682997876113 0.775707146784174 0.000210585203779 0.002463662492369 
0.000018702535154 0.000049953975145 0.000003241023206 0.799585769490489 0.000173303966483 0.000005959157335 0.000002403723719 0.200145340561013 0.000003431745708 0.000011893821748 
0.774425245802827 0.012692244477925 0.006765195337302 0.000058907382059 0.000396853190427 0.001135931973359 0.000020513155558 0.006172914766815 0.198208822871887 0.000123371041839 
0.033455873178860 0.000224508289545 0.000406089115157 0.023982810678144 0.003050322589253 0.013923155981182 0.000499977266794 0.077108795408536 0.356194650321906 0.491153817170622 
0.000300030685226 0.000381818266597 0.000009856929925 0.944531912917199 0.000160543471042 0.000119771379346 0.000133351000513 0.035908336195122 0.005491763775626 0.012962615379404 
0.000709499007647 0.000004328967660 0.005407104943057 0.000848940497053 0.000015581107115 0.000006017964613 0.000001550347498 0.992953483911594 0.000000073954081 0.000053419299682 
0.050945288582311 0.077501111949802 0.001646698351249 0.038832956638550 0.005464989957346 0.013832616030341 0.000771346402833 0.724797484417080 0.007702510263643 0.078504997406844 
0.000062008273415 0.000015192742068 0.700799999799178 0.000009010114848 0.000019996911134 0.009011509010467 0.000002548226987 0.289510781853154 0.000005424619823 0.000563528448924 
0.000000000007592 0.000000078600039 0.000000000016236 0.000033513452102 0.000000002403803 0.000000000326679 0.000000003513428 0.000000000746270 0.000000044828415 0.999966356105437 
0.000211979796244 0.001351954996441 0.157315240016696 0.000012996719369 0.006565651166427 0.000007573966977 0.000002680241680 0.834240466895419 0.000001607093020 0.000289849107729 
0.005024627384974 0.000152437942368 0.711021237281696 0.000932041720281 0.000661465334590 0.025711086981972 0.001065657840364 0.254396048559049 0.000079502429261 0.000955894525446 
0.001349192626010 0.006527658862650 0.001417303834575 0.085627488483118 0.000457154604945 0.038342976109211 0.000611675331536 0.166923622706291 0.637807401176629 0.060935526265035 
0.029293353577795 0.000107921156588 0.968463359525112 0.000276440035855 0.000127698999588 0.000117676569988 0.000000335097391 0.000015073766709 0.000000176742029 0.001597964528946 
0.001139912743625 0.111874948783884 0.000062704737173 0.524036699350618 0.003367049086566 0.001972125152252 0.023127253303370 0.320987351458382 0.000926715855219 0.012505239528912 
0.000000000258744 0.000000190874386 0.000000037458196 0.000000000042502 0.000000000181835 0.000000000831117 0.999999711302096 0.000000000024503 0.000000001037491 0.000000057989128 
