0.000000831358214 0.000085267680220 0.007067736042248 0.001396208304260 0.973161654130507 0.000096336328174 0.017545371944944 0.000009122605803 0.000160102700473 0.000176253533070 0.000301115372086 
0.000251016479572 0.238577287314843 0.002223868648374 0.000041862841370 0.516080785183853 0.207498334609676 0.001678754775724 0.033128810566534 0.000507262485573 0.000011272415021 0.000000744679461 
0.000001693255574 0.565679561488617 0.000288346837113 0.000003817527841 0.049330757559556 0.000044803356168 0.383648884914702 0.000007579544088 0.000017261577039 0.000884933101906 0.000092360837395 
0.000022467995792 0.000000460566460 0.000001554176599 0.000000170746016 0.000000446740177 0.000000171137473 0.000000000653729 0.000071501747314 0.999901334264742 0.000001806282467 0.000000085689232 
0.000152714958540 0.002812685972096 0.000291996894734 0.002567682879103 0.000223192174127 0.053504078720187 0.001247453020176 0.842175048534383 0.001414626995263 0.000040622543362 0.095569897308029 
0.001660922146173 0.277375714690984 0.000023819110886 0.003649302151237 0.456949534895907 0.004098298788107 0.071543306944410 0.006155733708874 0.038339586706827 0.140177987982991 0.000025792873604 
0.000000262877486 0.991974630225327 0.000000006262304 0.000000855638600 0.003657820698817 0.000000395922344 0.002330417724915 0.000000225253873 0.000000030900986 0.002035349467370 0.000000005027979 
0.000000463056898 0.758649120941530 0.000000026560893 0.000098983647353 0.000025853413906 0.000416349336154 0.240754894154952 0.000046282191684 0.000000286345733 0.000003233563107 0.000004506787791 
0.000138989951832 0.001552595990525 0.000115909723397 0.000612480216032 0.000852141541491 0.002046312437885 0.000965876173817 0.884423802687299 0.002964769717719 0.000023818001053 0.106303303558949 
0.004357934097583 0.000303420427489 0.000000483068600 0.916340585902885 0.001390598339006 0.000168310989006 0.063700863246582 0.000500602510126 0.000615253017162 0.000195860641428 0.012426087760134 
0.000002731637819 0.977321908088944 0.002122715327603 0.000014200843483 0.002617328350724 0.002953338082588 0.011831034058846 0.001090774706886 0.000038661000891 0.000143245703629 0.001864062198587 
0.001858900620259 0.000456185501160 0.000027530776589 0.000302234899389 0.001568384719412 0.000043752752608 0.937614842117607 0.000000370428264 0.001580555312031 0.055994823479758 0.000552419392921 
0.008624411117956 0.047870990009854 0.000319170347000 0.072144401318619 0.012106853344946 0.000304750973686 0.464777912703482 0.001588245081583 0.389552905130836 0.002697209403883 0.000013150568155 
0.000000009181379 0.000022153823149 0.004167752014736 0.000052755713761 0.000000097627319 0.004680602332890 0.000002130404961 0.990883337356054 0.000025059908150 0.000001029581166 0.000165072056435 
0.000000031770121 0.000000629783589 0.000000115194989 0.996137890464196 0.000000111869862 0.000308129753305 0.000000012028709 0.000000655813369 0.003519840556880 0.000000073309943 0.000032509455036 
0.000006537968360 0.010294617542219 0.000000226657881 0.000002641208213 0.784127151261998 0.000489407986048 0.205067909458310 0.000002230189298 0.000001107335267 0.000008135738108 0.000000034654298 
0.037841403243915 0.000000030593403 0.000000137011434 0.961787783549364 0.000000020654937 0.000000410466528 0.000000645861048 0.000017698610012 0.000267064207252 0.000001664706957 0.000083141095149 
0.000847837099929 0.002089720320785 0.000175792534451 0.121586900699215 0.000026249173903 0.001830782075492 0.268427065242014 0.603906412185346 0.000061608171638 0.000021994106216 0.001025638391011 
0.999883272104331 0.000000006892398 0.000000001646199 0.000096954696524 0.000000012590205 0.000000035448080 0.000008218550236 0.000008620764960 0.000000083436770 0.000002792267035 0.000000001603260 
0.346196514992340 0.000084646338682 0.000006633428935 0.312757014087470 0.157608888703102 0.007176749582947 0.006655100653554 0.000073982002578 0.000063434117982 0.166950368933874 0.002426667158536 
0.997903510078294 0.000000900038145 0.000000295806980 0.000112488598218 0.000002185603228 0.000165233870503 0.000534024579716 0.000006652560827 0.000004981205188 0.001269593268750 0.000000134390151 
0.000171506835533 0.157662684741273 0.814869391169029 0.000222944558319 0.000349412482694 0.000332308290253 0.011584382377016 0.012132015217636 0.001454912620476 0.000026249662273 0.001194192045500 
0.000107573296475 0.135606480263722 0.000029668694804 0.002670356980188 0.393175927321274 0.000326801333319 0.100313187202720 0.000162660050451 0.002178357524974 0.024174954613427 0.341254032718646 
0.178054596944496 0.175454583803385 0.000696526267900 0.003741053393067 0.000175301177095 0.004686768040150 0.008565223514240 0.072837448664138 0.094640000757018 0.461065551794099 0.000082945644411 
0.000000148301236 0.001377616767537 0.000079587361503 0.000086524040931 0.007564415088749 0.000005137776021 0.990792399165529 0.000058400491457 0.000024327570731 0.000009823429574 0.000001620006733 
0.000013427299773 0.000008759422087 0.000000209006470 0.000291010378351 0.001110182761742 0.000012215308143 0.852791129712975 0.145594396870385 0.000135275025356 0.000004084175741 0.000039310038977 
0.000001796412276 0.158750885675927 0.123926198721362 0.706382034730544 0.000348641263684 0.007033231104606 0.001432733584172 0.001795145750723 0.000215836568892 0.000016515535705 0.000096980652108 
0.000003373091471 0.000087374342404 0.000004508388057 0.988248708585223 0.004864648174797 0.001159726724929 0.000029793780819 0.000023062309795 0.005577855566261 0.000000752879323 0.000000196156920 
0.000082452855036 0.000507792487975 0.000000944317038 0.928677375399185 0.004965189167157 0.016326530079124 0.000009493778372 0.000018044242808 0.049243205411050 0.000167785549997 0.000001186712259 
0.000037346046186 0.008103384132164 0.000023463289423 0.224878840054590 0.004774321017438 0.005998771921457 0.001854872143823 0.003001699320659 0.741393681671136 0.009292352671664 0.000641267731461 
0.000000000125675 0.000000000000004 0.000000000000000 0.000000000023367 0.000000000000001 0.000000000000005 0.000000000000075 0.000000097960637 0.999999901890221 0.000000000000004 0.000000000000011 
0.000303040378068 0.000020905453492 0.000005363195955 0.880988681567576 0.001037632606654 0.104750861027121 0.002306046943145 0.000006345970583 0.000260370875172 0.010318978561930 0.000001773420305 
0.000003370650568 0.977912789425849 0.000000126435343 0.000001441055416 0.000666903776690 0.000006250776979 0.020638958801817 0.000001914000918 0.000012958938383 0.000640056064101 0.000115230073937 
0.000612882098914 0.000000637086769 0.000402449121588 0.753052769147945 0.000001227010328 0.000526816127179 0.000031586524282 0.003146923484180 0.000010222493965 0.242055080079749 0.000159406825099 
0.000008006606101 0.883641718438167 0.000170962966621 0.000214965373911 0.053658596251360 0.001265667542530 0.055087987770602 0.003126998768347 0.002382800995597 0.000302519870701 0.000139775416064 
0.000001738035992 0.016067690533700 0.002932867039936 0.000020996289581 0.000204067074323 0.000265852205382 0.000434554659540 0.979674581201414 0.000351472241121 0.000040906367499 0.000005274351511 
0.105383322895378 0.000570549354075 0.000000595127075 0.000026577890229 0.000000945151238 0.000000763684660 0.001119099559016 0.000016944608079 0.892194712923087 0.000686008265009 0.000000480542154 
0.000165963911742 0.000021532929446 0.001614827414041 0.965868876699948 0.015737526552693 0.000180291027660 0.000004724271483 0.000883501832218 0.015514546793192 0.000008187375261 0.000000021192316 
0.000044568763264 0.000016215466977 0.000000271586535 0.034067036983928 0.000052491856244 0.001152807485972 0.000007189312429 0.000002194590653 0.964654744317736 0.000002236507592 0.000000243128672 
0.038156467586115 0.023235825118786 0.000231924190407 0.033663200714435 0.000043596660474 0.006832360857399 0.000464690016812 0.009928607869294 0.886911562958672 0.000167335462121 0.000364428565486 
0.000000011381994 0.003644656302654 0.000000823548651 0.000000011061854 0.995506913458804 0.000000782444213 0.000789584886453 0.000000076034914 0.000000040023734 0.000057098471483 0.000000002385247 
0.000044640855915 0.813579959570331 0.000058667710077 0.000267109715004 0.000922333149326 0.076341310411574 0.010535749753938 0.084047676283266 0.013662764496698 0.000014288421038 0.000525499632833 
0.000003966388265 0.000064631113219 0.000070060974251 0.012932980085913 0.000074045955715 0.153924257136029 0.000088510033956 0.000168558508947 0.000029203714895 0.000004394948985 0.832639391139824 
0.000000000032980 0.000000040049346 0.511292478811329 0.000000044152182 0.000000001365543 0.000028895245645 0.000000236832313 0.000665359217182 0.000000066184239 0.000000001477782 0.488012876631458 
0.000008515324307 0.000060605000122 0.000074953460925 0.446831747947908 0.000347918201832 0.195283455484873 0.000154375415664 0.000205512611100 0.033301822358022 0.323019315245095 0.000711778950151 
0.000222510033334 0.000228446533576 0.000016360046840 0.972039960503433 0.011529015160571 0.000244091265484 0.011147964389161 0.000048104811064 0.002982544857896 0.001486215439474 0.000054786959167 
0.866181100607954 0.000001042351573 0.000000011859445 0.096129285538097 0.000000030989070 0.000691213873419 0.000008530724460 0.000000166613135 0.000016058061358 0.036972485830083 0.000000073551406 
0.050205603625515 0.023067544889483 0.000168398286311 0.287374615892214 0.002743451080971 0.000913498675096 0.169841669379022 0.043246082293866 0.421372249660646 0.000834232320615 0.000232653896261 
0.000230830984468 0.000146925517361 0.000292640757678 0.019706144580894 0.017166340087139 0.000076359753731 0.580390118054690 0.381648678167437 0.000169892481255 0.000015369204104 0.000156700411243 
0.000059121781883 0.000061037560238 0.001798946358822 0.213431115654665 0.000443230263107 0.580688307680503 0.123024575632442 0.047863065762075 0.032581483535749 0.000044984564341 0.000004131206175 
0.000000000138474 0.000000015395269 0.000000248346583 0.000000046578091 0.999994446093752 0.000001132542385 0.000004064232849 0.000000015308991 0.000000002991067 0.000000027425693 0.000000000946845 
0.000002178313953 0.000552255698859 0.000000026258938 0.000097431070777 0.958074827167040 0.000054186031921 0.040909237062996 0.000007165165516 0.000174018421029 0.000128392009960 0.000000282799012 
0.144909586291687 0.483214186235610 0.000094743693663 0.010854198949996 0.124955791296813 0.002632226339775 0.073643803512620 0.120701433564521 0.019566129900782 0.016938006548597 0.002489893665935 
0.001734408930805 0.000003547708707 0.000003219486776 0.038361205729508 0.005668512181582 0.647129663359222 0.303632072767597 0.000084898120940 0.002992372890333 0.000387753551184 0.000002345273346 
0.000000335404562 0.000000012484495 0.000002522502269 0.000039748900193 0.001094138060168 0.000002238430997 0.998832296945870 0.000028540158699 0.000000160008582 0.000000005792173 0.000000001311993 
0.000000000000000 0.000000000000000 0.000000000000000 0.999999714293352 0.000000000000000 0.000000285706640 0.000000000000000 0.000000000000000 0.000000000000000 0.000000000000007 0.000000000000000 
0.000005607211212 0.035933435278368 0.002547310780634 0.000017648018060 0.000304123383501 0.001126362266729 0.000381647148169 0.011882279906734 0.000146429412418 0.000002341035811 0.947652815558362 
0.003415256169593 0.144097838553955 0.006484550511039 0.107745665766227 0.082500429820078 0.031614709515027 0.316483941730113 0.014832971445404 0.087655687959598 0.202425618550051 0.002743329978915 
0.000000028253279 0.878783865546153 0.000000001916019 0.000000103433567 0.027628807563673 0.093510055942565 0.000072386821525 0.000000234287628 0.000000002147833 0.000004509856161 0.000000004231597 
0.000000013641827 0.000000329649703 0.022348294906691 0.000014910494690 0.000000094915838 0.000006734592523 0.000546806671959 0.000040215613132 0.000000067308100 0.000000153346580 0.977042378858957 
0.000001141115029 0.000002984540742 0.000010338097725 0.000116856405744 0.995575140413340 0.001457657362362 0.002744312534333 0.000000425107109 0.000034111923288 0.000056988180103 0.000000044320227 
0.000000928787927 0.995763593604384 0.000000020281526 0.000026241815569 0.003259291607954 0.000769687934304 0.000055967723168 0.000000748821346 0.000116914763543 0.000005915199074 0.000000689461206 
0.000000067744483 0.000445870143193 0.000000028261008 0.000014922916490 0.569012539621260 0.000000812164601 0.430437645736383 0.000000492080849 0.000000331087612 0.000084904555648 0.000002385688474 
0.000001051811668 0.092977617899512 0.008732823970775 0.000034176014767 0.867424777669306 0.000077584997353 0.000055404126438 0.000062256570217 0.028161021245173 0.002471261617221 0.000002024077569 
0.999999999796012 0.000000000000000 0.000000000000000 0.000000000000077 0.000000000000000 0.000000000000004 0.000000000000056 0.000000000000201 0.000000000203261 0.000000000000389 0.000000000000000 
0.000002702078698 0.000809050521828 0.000003589350851 0.973946219356435 0.023595265697080 0.000121185734533 0.000558073327386 0.000068454641964 0.000126231480064 0.000768623586162 0.000000604224999 
0.000000529377948 0.085150653099513 0.000001028259283 0.000015544973768 0.897068367468255 0.000382170695649 0.017370998748383 0.000006244226995 0.000001148707453 0.000003277652143 0.000000036790609 
0.882265196849512 0.000011600265276 0.000005638837721 0.065737049607456 0.000113147012248 0.001551221503762 0.000157801508273 0.046770033476806 0.002149752431807 0.001238073679596 0.000000484827543 
0.000000131399280 0.928351163522881 0.000000445412415 0.000000211131387 0.001463176957827 0.000007202911715 0.000056038858347 0.000000613181286 0.000002217289157 0.070118738561183 0.000000060774520 
0.991649959659887 0.000000002112877 0.000000000071378 0.000135424658622 0.000000000091209 0.000000001621904 0.000000002423859 0.000024144955125 0.008190460978138 0.000000002560316 0.000000000866685 
0.000000044707882 0.008691532258340 0.000553484931105 0.000195290613942 0.842226725389023 0.001458953281399 0.146849646152024 0.000001875161009 0.000000123991102 0.000020093663710 0.000002229850465 
0.000008073418878 0.969191061477216 0.000000070956167 0.002339861562563 0.000943868679060 0.000698829676600 0.026325071296136 0.000008005966253 0.000265103428298 0.000219422269673 0.000000631269155 
0.000002980187835 0.000000395587345 0.000000446237628 0.924479661804655 0.000000386801488 0.074066330620899 0.001228091147668 0.000196496836204 0.000000402828781 0.000001284226165 0.000023523721333 
0.000000049444251 0.000000000017463 0.000000000181294 0.000000000000570 0.000000000000270 0.000000000000415 0.000000000000046 0.000000000183751 0.999999950170637 0.000000000001300 0.000000000000003 
0.000000148920161 0.000006095239452 0.000001552715058 0.000045993728431 0.000000108928350 0.999934492921192 0.000003062997614 0.000000823406767 0.000000197856165 0.000005752710579 0.000001770576233 
0.000000000000163 0.000000000000000 0.000000000000006 0.999999999995054 0.000000000000000 0.000000000001650 0.000000000000046 0.000000000000023 0.000000000002733 0.000000000000317 0.000000000000006 
0.655074748499495 0.000001042993170 0.000013912874409 0.181000419505057 0.000008931591763 0.004426943313605 0.000003238287459 0.000063733327980 0.000030372409922 0.159376503400701 0.000000153796440 
0.000002565809312 0.000045263137083 0.000000004315914 0.001028404601982 0.000052936228343 0.000060043479029 0.000108983222709 0.000001406246292 0.998474556985413 0.000225751299868 0.000000084674054 
0.305500934503333 0.000001711530700 0.000010094776547 0.086695574403184 0.001208197932548 0.010152427480539 0.043958360674347 0.001144918937478 0.000014592068337 0.551307559445477 0.000005628247510 
0.000024039429272 0.000000000262872 0.000000017176474 0.999894816205616 0.000000002224541 0.000050733952886 0.000000379511784 0.000004868643561 0.000001320295227 0.000000022778808 0.000023799518958 
0.000000019754946 0.000000474249657 0.000000596401374 0.000000284429064 0.000000085270102 0.000001532406855 0.000001399321683 0.000976718620667 0.000000355439086 0.000000002964101 0.999018531142465 
0.000000000004795 0.000316775599780 0.000000000000152 0.000000002792753 0.000000062765711 0.000000024213708 0.000000001845811 0.000000000025196 0.000000004423587 0.999683128327359 0.000000000001147 
0.001094997746798 0.000011422185772 0.000000114842642 0.014667179426661 0.000497801590273 0.594298848946076 0.001055349831232 0.388130764809088 0.000236467454305 0.000004098731701 0.000002954435453 
0.001225609276388 0.532067887258750 0.000018096279557 0.000217438568686 0.435232812395831 0.010989838672536 0.003200973841029 0.003076738443008 0.006248779026036 0.007689694753909 0.000032131484269 
0.999997470784366 0.000000000000247 0.000000000000002 0.000000000185665 0.000000000000021 0.000000000000064 0.000000000004872 0.000000000069716 0.000000028061353 0.000002500893402 0.000000000000293 
0.113967699850605 0.065421115518222 0.000011895858955 0.070459288406263 0.008420962000795 0.001126116596452 0.097078999376884 0.000227570561920 0.535127519983795 0.108133337661985 0.000025494184124 
0.000000000143242 0.029058365648944 0.000000003444046 0.000000385710456 0.968904852841255 0.000144637656609 0.000005786731908 0.000000000284375 0.000004123643408 0.001881776760660 0.000000067135098 
0.000000475800740 0.996559248733730 0.000001271279500 0.000126522843602 0.000005806360030 0.002142704025480 0.000103400094262 0.000951266137641 0.000085438419245 0.000023431560986 0.000000434744783 
0.000348283048030 0.000000490944352 0.000004068870757 0.998855602946740 0.000069488933216 0.000031140757931 0.000019591729357 0.000257272415394 0.000412520336675 0.000001535483792 0.000000004533756 
0.000001699010832 0.000020805267876 0.022490003889395 0.001202277817663 0.000003762509737 0.950198527340580 0.008364285696902 0.015508076285612 0.000026290725066 0.000005260816369 0.002179010639969 
0.001141848095148 0.000780592592230 0.000549920303423 0.884726082569167 0.004809292990434 0.048117603432095 0.023196608575084 0.005798093089833 0.002727616322590 0.019102306480020 0.009050035549975 
0.000082353601057 0.222058287865617 0.000016393832292 0.000008746513680 0.000564395464707 0.000309857707595 0.000008939191817 0.097643188958701 0.679304788515303 0.000003017459295 0.000000030889937 
0.000000000052882 0.999992237506439 0.000000000022069 0.000000000163727 0.000000009740305 0.000007661461757 0.000000000291405 0.000000074118716 0.000000014829287 0.000000001752473 0.000000000060940 
0.000000096577719 0.001302164007063 0.000002501805773 0.775135227585536 0.212573434192668 0.001456123112283 0.009414184124206 0.000090064202788 0.000018209305968 0.000007960905744 0.000000034180252 
0.128798024869039 0.000989421825290 0.000191171466877 0.413677001077837 0.001615711599773 0.000258832402505 0.126136604035189 0.000320842631274 0.031198358419916 0.296721942188193 0.000092089484107 
0.000000174986307 0.049832489427315 0.000138455842549 0.000000564684816 0.081351328926986 0.000002018838707 0.868108901588663 0.000000682373886 0.000001757306868 0.000563316957011 0.000000309066890 
0.000167795781219 0.000000449974957 0.000083942467376 0.091292749736102 0.000009995916424 0.001713779855704 0.000663272987966 0.000011838259915 0.000020658908939 0.906019992896295 0.000015523215103 
0.004513383910724 0.418321043747267 0.000003851275777 0.000722707419033 0.005643492914907 0.036677708950039 0.230573385023283 0.000111554634226 0.000324977017340 0.298738672129799 0.004369222977606 
0.000804156879878 0.061498273139700 0.000922774021766 0.190756757481250 0.670496910790508 0.001045221782952 0.052280795008816 0.000840422191391 0.018791038776809 0.002394080172221 0.000169569754709 
0.000058647280401 0.001938308964319 0.000002590293537 0.223304413842570 0.658119104665675 0.000050575699002 0.115882404786877 0.000019604736674 0.000534273673066 0.000088012707200 0.000002063350678 
0.000009231011635 0.007218761251887 0.000000173464666 0.000752731541324 0.000055367824809 0.000307315726870 0.000141820141470 0.000008625808049 0.000595968995897 0.990909656723226 0.000000347510168 
0.999999951789334 0.000000000007520 0.000000000000295 0.000000006822840 0.000000000009326 0.000000000719918 0.000000038993142 0.000000000840697 0.000000000461127 0.000000000349236 0.000000000006565 
0.009054592729112 0.017471002609693 0.000220437408265 0.563664103474252 0.073044475778419 0.002594875433252 0.102101611936338 0.000161312550712 0.222044655571080 0.009273035803559 0.000369896705319 
0.000002465442329 0.000151055185228 0.000114225119672 0.001467508340466 0.025308642954647 0.000096908887711 0.000287213613018 0.000016519330409 0.001099676401594 0.000009519489612 0.971446265235314 
0.000000056529630 0.000034479317530 0.000000005383641 0.000000461270635 0.780936916142056 0.000000016481276 0.219026860590090 0.000000833907038 0.000000079829645 0.000000288725073 0.000000001823385 
0.000000000000701 0.000000000078322 0.000000664625362 0.000000031825362 0.000000000001643 0.000000042499126 0.000000006592835 0.998978201755418 0.000000001132495 0.000000000009471 0.001021051479264 
0.000000357715645 0.000000363925211 0.000043550148063 0.000111512099770 0.000000004652703 0.000000017309550 0.000031910435984 0.000448255374838 0.000001274180342 0.000000005862513 0.999362748295381 
0.010400498428702 0.008532093257203 0.000907249059840 0.000884017633483 0.852370874510609 0.000985744319198 0.001638238748371 0.033830803405837 0.090084825394541 0.000259010087759 0.000106645154457 
0.002638269181007 0.000000028742982 0.000000050142234 0.000000113104667 0.000001639426307 0.401707048904594 0.595632037045175 0.000003256540279 0.000000949165945 0.000016597438361 0.000000010308447 
0.000548022979665 0.000516893687429 0.000094863329579 0.400347107987468 0.040563227954042 0.000736542706352 0.526210825190241 0.009246609472173 0.007039554879181 0.014617975072293 0.000078376741575 
0.000028124601428 0.000041469768379 0.000002329945063 0.921810259426169 0.000384854249153 0.001876896115420 0.001752826118141 0.002127142245288 0.071770922146862 0.000005612042240 0.000199563341857 
0.000002198672528 0.000000754691503 0.000000006744039 0.000094518329800 0.000024396392715 0.000038793968434 0.000077945805336 0.000052731383035 0.999613298647561 0.000089555969003 0.000005799396044 
0.000004588782228 0.998555165941526 0.000051072831321 0.000000331981737 0.000040993998549 0.000438993531844 0.000002650543409 0.000037724331310 0.000321820738930 0.000546478343459 0.000000178975685 
0.003407356390487 0.000000552259087 0.000000619372765 0.928060327333270 0.000000063393244 0.000003921883478 0.000150474256674 0.000002021383176 0.000021279858554 0.068346936307634 0.000006447561631 
0.000321909960652 0.000029546399176 0.000000282141060 0.637482357508994 0.127688870040098 0.054069843130182 0.005355674227593 0.116731520592008 0.058169234733967 0.000073823114054 0.000076938152217 
0.000000045134503 0.000028096294766 0.000002501252756 0.000002325027132 0.994565968855701 0.000003642068206 0.005333653322737 0.000003614204257 0.000004202382846 0.000000776911922 0.000055174545174 
0.000023967893030 0.003660303492094 0.000016708459437 0.197223946097800 0.250989188704246 0.011100496813756 0.013324572211217 0.000482878536255 0.506943656023839 0.016213104991589 0.000021176776737 
0.000000012468071 0.000012300326206 0.000000007068378 0.000000040281047 0.994480513534388 0.000000494169246 0.005506341917511 0.000000074175289 0.000000042573460 0.000000171770805 0.000000001715597 
0.730633559577057 0.000312907408271 0.000004633105264 0.072775695582679 0.000744074620785 0.000290614406975 0.190904260333002 0.001487649038808 0.000909125661919 0.001576234929985 0.000361245335256 
0.000040287590997 0.004769293719935 0.000068399362596 0.114684883846117 0.003334251534813 0.737479452521229 0.013300055748530 0.002541153792326 0.069264896014462 0.042007502229243 0.012509823639753 
0.000048804789393 0.096874194457398 0.000306016325349 0.001387265956431 0.171258339259144 0.000523472999107 0.000349340975129 0.000206919214990 0.728751774286695 0.000278611531492 0.000015260204874 
0.000004447614290 0.000005257038461 0.000001439042322 0.898325575578647 0.000147662915468 0.000115634093347 0.000060662143498 0.000091353156661 0.100519582465194 0.000018021722537 0.000710364229577 
0.000005756978773 0.007258821875136 0.000023758558382 0.000290557013955 0.975682805783139 0.000054333599913 0.016585312914094 0.000026044140719 0.000061363415481 0.000010987769807 0.000000257950601 
0.999960024686932 0.000000473966129 0.000000095755289 0.000014012931500 0.000000159377541 0.000001151379262 0.000001093562354 0.000000034038964 0.000020041408974 0.000002847289764 0.000000065603291 
0.004322276162421 0.090893832804593 0.001708254609324 0.143999834885622 0.273281432632484 0.001493977689125 0.035123385175566 0.155788941632294 0.293014516731286 0.000263008784281 0.000110538893005 
0.247893551183952 0.000004088812984 0.000000299777335 0.017217553658183 0.001021435943383 0.000406878536142 0.050409992782715 0.032533795966215 0.646471701187982 0.003852654629781 0.000188047521327 
0.000000000087655 0.000000045207956 0.000000001371463 0.000000000789653 0.229647959751556 0.000000000330245 0.770351979447501 0.000000001542506 0.000000000703757 0.000000000812677 0.000000009955031 
0.000020141014288 0.986775906841349 0.000002758889512 0.000021908797049 0.000011119032147 0.000019629592478 0.000098362658761 0.012852302381057 0.000196786276292 0.000000148939998 0.000000935577071 
0.999570899907895 0.000000002590593 0.000000001416143 0.000216305414667 0.000000002994498 0.000000440972116 0.000000516594196 0.000000033669643 0.000000032260277 0.000211763771027 0.000000000408946 
0.000000799133870 0.000005274390878 0.000145440519053 0.973285946480449 0.024693941256518 0.000207976730172 0.000019243689701 0.001592090480491 0.000047627541615 0.000001610594232 0.000000049183022 
0.000000000004125 0.000000001513514 0.000000224569214 0.999958126662325 0.000000013360117 0.000000004740601 0.000000131891414 0.000006554020537 0.000034910885421 0.000000000074793 0.000000032277938 
0.000005260718100 0.001556690758337 0.000000068120815 0.000123848313470 0.722640785148088 0.000005772686317 0.273000126714525 0.000782610039685 0.001724077731911 0.000011947207133 0.000148812561620 
0.999999999425463 0.000000000000000 0.000000000000000 0.000000000006495 0.000000000000000 0.000000000000001 0.000000000000082 0.000000000000005 0.000000000527158 0.000000000040796 0.000000000000000 
0.000000535486210 0.000012096423854 0.000041962730685 0.001362490916464 0.991624572704086 0.006821944719654 0.000048290500278 0.000030153465535 0.000038570967636 0.000014865303297 0.000004516782300 
0.006994026541210 0.046722620830422 0.011773113720573 0.000167387873048 0.001339442434196 0.006576827153246 0.001428809290585 0.903447890745168 0.021264700267314 0.000105296871934 0.000179884272303 
0.000000042908843 0.000725653520672 0.000000272132189 0.000568051825510 0.000000126520954 0.000019794273064 0.000000117317969 0.000042656627588 0.998643020220936 0.000000012612242 0.000000252040033 
0.004123616358422 0.025350704872116 0.000011156829418 0.862363206576886 0.003991749217693 0.002745242834251 0.040863062402893 0.026396106949829 0.032394431322261 0.000005602101607 0.001755120534624 
0.000001130188393 0.000008144210757 0.000008488780397 0.000040595788850 0.012336582797481 0.000000167051077 0.987591409763148 0.000011400381712 0.000000333352210 0.000001743447262 0.000000004238713 
0.000376634020103 0.097846377089050 0.002257704678060 0.156237716012565 0.107473968849393 0.009089861467792 0.330150518786835 0.003536680827680 0.010047498198134 0.280992693722005 0.001990346348384 
0.000015069299633 0.691009974330586 0.000034227504201 0.001197464324602 0.009774766892723 0.033491586508751 0.000287154252714 0.259816148126310 0.003526169866743 0.000006717321826 0.000840721571913 
0.000009947618102 0.000137978535849 0.000006516797900 0.000142951603474 0.978076469600004 0.004013837863280 0.017107344201145 0.000020395068588 0.000095438507134 0.000388789138304 0.000000331066220 
0.000074726672419 0.000037353144155 0.001694998422107 0.991136049448989 0.002562649822113 0.000305695371739 0.000103199817941 0.000640954254733 0.003343980319611 0.000100292116122 0.000000100610072 
0.000017828466229 0.000233762678500 0.000059453613667 0.946405502976152 0.003157628045680 0.001526423057326 0.000282629091216 0.000008449999703 0.002383812572723 0.045850730331471 0.000073779167331 
0.000195065967050 0.049933519710923 0.000034432049216 0.001398367542139 0.007462589820816 0.000354517529730 0.672271660101126 0.002735112353544 0.000241403013959 0.265310944856997 0.000062387054500 
0.000006582759298 0.000595996624641 0.000006594421100 0.000485918057489 0.009706722868941 0.001091158225960 0.796158848787202 0.000158181641696 0.000105302167576 0.000274502948900 0.191410191497197 
0.000000000002496 0.000000000023144 0.001096757296961 0.000000000149809 0.000000000032481 0.000000000012036 0.000000000177355 0.000000005065275 0.000000000032779 0.000000000005332 0.998903237202332 
0.000004955474117 0.000000139582821 0.000000001240653 0.000338868744408 0.000000018822785 0.000000024153472 0.000000037882836 0.000000921604458 0.999652350247807 0.000002671427163 0.000000010819479 
0.000000102907773 0.025584139704420 0.000193463312629 0.900268107958697 0.000133606631344 0.073702197582379 0.000020535146790 0.000015125890764 0.000001297524081 0.000080672350494 0.000000750990630 
0.000000720794640 0.000002263329347 0.000000015356705 0.000000071858734 0.000000061722725 0.000007355121633 0.000000002038700 0.000000053728961 0.999976333748764 0.000013110020893 0.000000012278898 
0.013110855097469 0.000287510045201 0.000098354254184 0.003281893427992 0.001480318874741 0.000018078362831 0.014389093452446 0.000272870902700 0.966721568288215 0.000329102021835 0.000010355272388 
0.001130730352070 0.021457511127829 0.000017627497348 0.005153596153426 0.137639060235742 0.003637238548483 0.785181383761839 0.000088988756669 0.041861006167039 0.003804310451499 0.000028546948056 
0.999380086108543 0.000000128786466 0.000000011992551 0.000001823851460 0.000000031646759 0.000000014242148 0.000027318945937 0.000000389088853 0.000001398753457 0.000588796399165 0.000000000184663 
0.000298528980564 0.885552493313969 0.000213440267378 0.001616238824234 0.006615542047937 0.001412102934855 0.000096901695429 0.004365626628333 0.099623864215965 0.000153586974462 0.000051674116875 
0.000138835512871 0.314600818640297 0.006482126322861 0.005415837832078 0.204123375476137 0.008352643810694 0.010033771896873 0.023321941034714 0.427102739827863 0.000222238220478 0.000205671425134 
0.003108715369616 0.010192636791535 0.000005193401385 0.563317592428667 0.006808232736501 0.037968754687219 0.011174602578525 0.007770337318909 0.322680792617773 0.036032221377940 0.000940920691930 
0.000000425259547 0.135472561677828 0.065703955093566 0.000144284118664 0.774973722999865 0.000992476566749 0.021595805866133 0.000615012997638 0.000245855607434 0.000252884889241 0.000003014923335 
0.000031526205316 0.010101903139972 0.000028845070586 0.040657520937654 0.016996268769122 0.000093232755590 0.899261468407132 0.000208525036836 0.031987456315048 0.000538142887355 0.000095110475388 
0.015841469195713 0.000260110466860 0.000002606260443 0.107777738997018 0.000008588004580 0.000067593810170 0.000690030923547 0.087300931626406 0.787687261127463 0.000269014804478 0.000094654783322 
0.000000000012046 0.000000473407442 0.000000002705391 0.000000000373158 0.999990580248333 0.000000141036175 0.000008644654371 0.000000000494092 0.000000014731623 0.000000142325461 0.000000000011907 
0.000094859507156 0.032677594055332 0.000012589648453 0.000372906950086 0.000070885430938 0.005221525736974 0.950815127802554 0.000093249521295 0.000689491883056 0.009951563215976 0.000000206248181 
0.331434648845997 0.000310199280558 0.000061506688897 0.004753735131301 0.000160032341864 0.000087979684639 0.648038852730466 0.000298298878374 0.000256040575881 0.014594148379832 0.000004557462191 
0.000000072546187 0.001928037912699 0.000008021842545 0.159606731310602 0.836246026831378 0.001826100575353 0.000037482274425 0.000005526795319 0.000333246727561 0.000008720688047 0.000000032495883 
0.000038899875724 0.001583703001711 0.000556468772967 0.881853354013587 0.018260235587030 0.000725296876506 0.022911197775894 0.004252507363655 0.009539258689067 0.060094346980492 0.000184731063365 
0.005873564384833 0.038220945243081 0.000066157545404 0.651699567794484 0.001516300778342 0.186310319914816 0.015151820202849 0.004043690116040 0.095779978471206 0.000550198404770 0.000787457144175 
0.000000031359874 0.000016581438109 0.999583412351374 0.000003099044641 0.000152837288786 0.000122519951182 0.000025340702146 0.000083763209490 0.000011529960213 0.000000334176455 0.000000550517730 
0.000755078689470 0.001295137269696 0.000048905113828 0.430551389885254 0.000984261848923 0.263780334183481 0.008439209890020 0.000104792475252 0.002150098573653 0.291831531630347 0.000059260440074 
0.064569848091258 0.000000321477678 0.000000114888043 0.000250992443474 0.000013961210882 0.091625310958161 0.000023221598908 0.002002322093897 0.831422055003293 0.009775483367550 0.000316368866855 
0.000001770117843 0.771310366817305 0.000002360199437 0.000946372374868 0.016883905713868 0.000640613379304 0.000285589116584 0.000006905900027 0.000007452474482 0.209914613060285 0.000000050845997 
0.023240076089678 0.057511113423656 0.000009409910901 0.297867335966073 0.500710558234516 0.000205166836563 0.010125694528636 0.000080574601746 0.000178718775723 0.110005262555411 0.000066089077097 
0.479565498493583 0.000193143949159 0.000000726632640 0.494778645862902 0.000379015750195 0.002223642200730 0.001741835570014 0.000060669782772 0.019819582864287 0.001181624849597 0.000055614044121 
0.000000092941388 0.000000021045759 0.000000007151478 0.000670500048880 0.000001297661470 0.000000040856219 0.090910771875213 0.897002363222597 0.000003197239482 0.000000015355121 0.011411692602393 
0.002077426526344 0.000358745835887 0.000001110238836 0.003897595719065 0.000001724686267 0.000216218432813 0.000002497762072 0.001729980057076 0.991560416693389 0.000153994233934 0.000000289814319 
0.000068275089187 0.056849060531705 0.000028329820383 0.000061819878644 0.938656591131316 0.001216392723336 0.001217500144514 0.000029372092054 0.000540166796167 0.001331624592154 0.000000867200539 
0.000000000332323 0.000000001794526 0.000000000025528 0.000002302983327 0.000082503884843 0.000000017040173 0.999914826905281 0.000000000013149 0.000000000736210 0.000000006119685 0.000000340164954 
0.000000000000371 0.000000000011831 0.000017939814501 0.000000000428347 0.000000084935131 0.000000012628647 0.000000003234783 0.000000000072832 0.000000000011922 0.000000000041534 0.999981958820102 
0.999111752832842 0.000005246000182 0.000000016007817 0.000282656369010 0.000000513236727 0.000004370375430 0.000295894187594 0.000005215786625 0.000010683088916 0.000283426240885 0.000000225873971 
0.000278474898837 0.003876247887610 0.008274095800535 0.591015737989494 0.000125438791875 0.004572790569625 0.003417456450595 0.002239497804866 0.000064455684488 0.004421418828380 0.381714385293695 
0.000000010947567 0.000000016488402 0.000105908123914 0.000000008325285 0.000000000056829 0.000000038016004 0.000000055724352 0.999851415805064 0.000000234603755 0.000000019738820 0.000042292170008 
0.023884360114087 0.000029674234237 0.000000001295186 0.000002803997661 0.000029641017700 0.000002826556355 0.000000022079828 0.000000202114509 0.976050040594690 0.000000413073034 0.000000014922713 
0.023714173509458 0.000000993022642 0.000000017661612 0.001769386555608 0.000011650023378 0.896163530249696 0.000000879640645 0.000017999395729 0.007885636245392 0.000023085580151 0.070412648115687 
0.000535866924655 0.003836285483231 0.211841970887543 0.119758902554924 0.000064604615483 0.000524694325220 0.027910433412679 0.550672674997858 0.012703119285859 0.000174882768533 0.071976564744016 
0.011502017360072 0.036058854205368 0.000002227740229 0.004531320701548 0.223107215429689 0.000515985013565 0.069762208845760 0.005152280553603 0.000234474706716 0.649129635051398 0.000003780392052 
0.000052714055396 0.000002373681501 0.000000007443472 0.998083406846305 0.000015697282776 0.000007949460985 0.000009838606900 0.000001756796756 0.001816600408240 0.000009596698430 0.000000058719238 
0.993623770690802 0.000035825284450 0.000000559525550 0.000000702144478 0.000000008801034 0.000149042859715 0.000095609665039 0.002916396079620 0.000101346355599 0.003076733969023 0.000000004624689 
0.000004524744895 0.001188817267240 0.000000545223868 0.000797192514688 0.140788099535718 0.000007013951232 0.849421831499736 0.002047922612932 0.004819527623367 0.000924514004399 0.000000011021925 
0.000000625810464 0.000096164692962 0.000019862872255 0.989922833659489 0.003487436692492 0.003603685220732 0.000603719854493 0.000047836659145 0.002127796621465 0.000080619638467 0.000009418278037 
0.043848205279865 0.014611936882494 0.000084348672286 0.081821806348293 0.116815268972838 0.002357952810389 0.445694522115337 0.042327787672930 0.246752001408129 0.005472944598171 0.000213225239267 
0.000000000008604 0.000000000001436 0.000000004647716 0.000000000019113 0.000000000002053 0.000000000002175 0.000000006441013 0.000000000004354 0.000000000002751 0.000000000013080 0.999999988857705 
0.000108682190903 0.953779644905815 0.000019594676919 0.019309219276668 0.000340718949887 0.001362382035811 0.007063655294281 0.017911136398920 0.000079492123682 0.000021975494443 0.000003498652672 
0.773846523962126 0.011255912706243 0.000000326090230 0.001916716497451 0.000004324207313 0.000015260973888 0.000181851213311 0.203866132350439 0.000384187549479 0.008483588771573 0.000045175677945 
0.000605513543890 0.400310962714667 0.016664497393026 0.216145469707074 0.197804991087449 0.000951535438437 0.038777983572158 0.000898895628906 0.114633679881933 0.012379088675066 0.000827382357393 
0.000000279705122 0.000007936010039 0.000002250450987 0.000171117530787 0.000003923368653 0.017563719035730 0.006911076096493 0.000204707398460 0.000015913545025 0.000023634337537 0.975095442521166 
0.002097385643811 0.433436211448836 0.000002258294577 0.180587357838732 0.000138911899637 0.000411825582646 0.002964130211990 0.000058176990051 0.000927696764153 0.379374801141537 0.000001244184029 
0.668782392592639 0.000282987864059 0.000000167935385 0.004078783305713 0.000002241855819 0.000000487260697 0.000253799354907 0.000016143120982 0.313528020153450 0.013054967785623 0.000000008770723 
0.000001598600066 0.000003680682834 0.000000319703360 0.003387231796549 0.000012562903285 0.000051992906073 0.959769362902129 0.011074697575669 0.000018979857545 0.000000073062378 0.025679500010112 
0.000077567323769 0.000001454782279 0.000000031573291 0.000124736841868 0.000016428362356 0.001726559973139 0.001357671329007 0.000003785531323 0.996661281052571 0.000029879219927 0.000000604010470 
0.407190046299824 0.003410991531341 0.000077483522408 0.193758012202891 0.043778814829667 0.000696143139692 0.231896237782824 0.000583202985392 0.018102499464217 0.099610743046216 0.000895825195529 
0.013015728783404 0.003206062448176 0.000361153765736 0.856820574925388 0.001027976731995 0.006541120836615 0.034847051651757 0.000118406522725 0.000940535892771 0.083117771228535 0.000003617212898 
0.999951056623806 0.000000004252074 0.000000000008166 0.000000268313720 0.000000004055268 0.000000245161430 0.000000235110800 0.000000142340474 0.000047805065820 0.000000238573370 0.000000000495071 
0.000016703987782 0.000833970041509 0.000298606746990 0.001454057902585 0.000009542232572 0.000107040522772 0.001098494055414 0.004237452237595 0.000426750050607 0.000014156550931 0.991503225671245 
0.002379009353656 0.000021230937672 0.000000100533874 0.001374519427938 0.901981638181862 0.000976758505693 0.047628159053192 0.000034641051630 0.000043717542076 0.045560183356297 0.000000042056112 
