0.000083353635913 0.031250236729491 0.000045816405720 0.000318140220474 0.968237057588071 0.000065395420330 
0.000010135276429 0.024948327233809 0.000058666687072 0.001492766000526 0.973489243274357 0.000000861527807 
0.001993950275290 0.002734907827099 0.004947130611512 0.022191974933927 0.348040110803637 0.620091925548534 
0.000000002587390 0.000175006689880 0.000000000232648 0.999823658663478 0.000001331818366 0.000000000008239 
0.054598719024222 0.114086898023209 0.000119108602189 0.006664243350508 0.822378228629744 0.002152802370127 
0.000643016118197 0.479658557443611 0.007648155534157 0.231577481798247 0.274349958467918 0.006122830637870 
0.005175436256220 0.000044891834355 0.001711870506817 0.010155532555211 0.982883537294719 0.000028731552677 
0.002116870958929 0.000212883339671 0.420115232023826 0.017319534660705 0.503281187916724 0.056954291100145 
0.109888435032151 0.126298054335614 0.000475996215285 0.028742751799487 0.683027159737869 0.051567602879593 
0.972031319975577 0.027965679498046 0.000000516217704 0.000001717317199 0.000000521890911 0.000000245100562 
0.000001281475899 0.000004955819090 0.000071933527244 0.000106068430847 0.004711833831968 0.995103926914953 
0.039576830254564 0.000005089853923 0.000909094574779 0.200317549006114 0.001107697849849 0.758083738460770 
0.000884612205417 0.000374023774287 0.056045512508715 0.703215989299566 0.239375652079773 0.000104210132243 
0.004589010583729 0.000170545090252 0.000004416068059 0.061953520945337 0.246618952186235 0.686663555126387 
0.000715192774617 0.548395554979956 0.000000003414590 0.370808902469620 0.079903275124098 0.000177071237119 
0.001248697447990 0.000578113748131 0.997094317113204 0.000835257153236 0.000065993789914 0.000177620747525 
0.001173435491172 0.927985180612807 0.000002719263421 0.008127386136925 0.012715640402237 0.049995638093439 
0.000355065584025 0.142880302910955 0.115249948746799 0.687441845200361 0.001800415077921 0.052272422479939 
0.637412742289619 0.022632895313043 0.000005937348610 0.305413743321445 0.034313449561988 0.000221232165296 
0.660669469096819 0.203578904744634 0.000106426961995 0.133133670922730 0.000683727158537 0.001827801115285 
0.000619382792665 0.012719524911891 0.000000230903244 0.983716954217241 0.000441992753215 0.002501914421744 
0.551274658130367 0.184635416136837 0.000159467228321 0.000105296316345 0.263824248760897 0.000000913427233 
0.013975816894002 0.076474050281949 0.095354971606140 0.000296054556627 0.118442601924780 0.695456504736503 
0.073323085353958 0.609138523688766 0.033077844332324 0.165803392310079 0.115796541986498 0.002860612328374 
0.000000000000000 0.000000000000000 1.000000000000000 0.000000000000000 0.000000000000000 0.000000000000000 
0.000324850320225 0.009343390959446 0.000889522251996 0.000769718237911 0.988490709623561 0.000181808606861 
0.803800289529458 0.026202133590829 0.000051644108395 0.011812789993300 0.157888777017549 0.000244365760468 
0.001285790869468 0.004538201878742 0.000020262244361 0.000114294593718 0.993778149043460 0.000263301370251 
0.007483058226130 0.089200046616215 0.000008315629707 0.000002929514885 0.903297143800033 0.000008506213030 
0.000002760975261 0.997426731282937 0.000000010654787 0.000005481857332 0.001567244048452 0.000997771181232 
0.000007552879152 0.007984830516332 0.000010174746685 0.000185411714320 0.006218965385541 0.985593064757971 
0.019457936827283 0.974948890797222 0.000049648110279 0.000109639787022 0.004987955218490 0.000445929259704 
0.025370467767521 0.038532298484167 0.029898873714097 0.001843697030112 0.652572870091422 0.251781792912681 
0.996510822655313 0.000086317752109 0.000002807474372 0.002452210837388 0.000941786759736 0.000006054521082 
0.003243545216958 0.050172142097498 0.015775481554027 0.659239524028632 0.236095629894164 0.035473677208721 
0.561351520585268 0.170096565086311 0.183527460665550 0.041565783038721 0.034042416993770 0.009416253630380 
0.368752625543253 0.491266144981630 0.011734415593281 0.005775506901723 0.081811762388031 0.040659544592082 
0.005196983450168 0.994736971065603 0.000000000000190 0.000066045482304 0.000000000001729 0.000000000000006 
0.436935189099534 0.000162723127847 0.113653560153546 0.074193153527705 0.022902678651484 0.352152695439884 
0.000359949642736 0.351921754098171 0.010702015212959 0.061694134489618 0.574993571879174 0.000328574677342 
0.000000007623801 0.000000002292551 0.999999265771010 0.000000029300222 0.000000124348126 0.000000570664290 
0.000000000001381 0.000000000121458 0.000000000107319 0.000016069200496 0.000000061203030 0.999983869366316 
0.999438441092622 0.000088183409228 0.000002503447649 0.000374312062541 0.000085666242198 0.000010893745763 
0.746134101476542 0.000032817785974 0.000270656536406 0.000834740270962 0.217173233200644 0.035554450729472 
0.000001094686791 0.942054386480445 0.000040557401312 0.001584445823509 0.056127338326471 0.000192177281472 
0.000584134500844 0.777849442639112 0.000002504247439 0.000010063733972 0.175801055109318 0.045752799769315 
0.992989397496076 0.004854810100390 0.000016038551065 0.000232945207677 0.001905281919263 0.000001526725530 
0.003548018174210 0.000004475528592 0.405195305558848 0.036283866259717 0.203942723408440 0.351025611070194 
0.000000143203296 0.000057699585797 0.000032557572866 0.000000135140540 0.999909441069655 0.000000023427845 
0.803961894886068 0.000034531679622 0.000025229833229 0.002280051142499 0.193597618500977 0.000100673957604 
0.000000033812860 0.000000153782796 0.000004618448899 0.000006220024916 0.999985354611437 0.000003619319094 
0.000040573658584 0.131500910259066 0.000326538889766 0.817183583248242 0.030270473749864 0.020677920194479 
0.000001312172415 0.000000451158796 0.000009773494668 0.047730891884928 0.000044506893882 0.952213064395311 
0.999999996262153 0.000000000000041 0.000000000000115 0.000000000413501 0.000000000000001 0.000000003324189 
0.135693259347527 0.864262802758125 0.000000007862444 0.000043837085997 0.000000057368619 0.000000035577288 
0.027484309309244 0.112456139134334 0.000017202049785 0.027475103607666 0.832466741796202 0.000100504102770 
0.003096204843723 0.016062046319110 0.000161007250239 0.002827277169332 0.974051442086615 0.003802022330982 
0.001813255632242 0.587234319387185 0.000820824399448 0.002612411971008 0.407452320698814 0.000066867911303 
0.000318698439839 0.988301731162224 0.000538594153874 0.000010190371726 0.010350843842220 0.000479942030117 
0.355894565488624 0.004430021877927 0.001140577282769 0.002267197580161 0.040009003753792 0.596258634016727 
0.761359690107928 0.182528422521399 0.000061374299937 0.000529567788112 0.000056294181390 0.055464651101234 
0.327917422087192 0.179231598293159 0.141311237338788 0.028423373429352 0.321379225842756 0.001737143008752 
0.000000000777015 0.000000009573558 0.999239400827122 0.000421314535271 0.000324524057130 0.000014750229904 
0.000124308215723 0.776385219021961 0.143067824250418 0.002236224188086 0.078063985183560 0.000122439140251 
0.881070152086585 0.025555313263796 0.009992684252974 0.016303833277449 0.000580989410030 0.066497027709166 
0.000000000035584 0.000000000823061 0.000000000538405 0.000000367588999 0.000000004673160 0.999999626340791 
0.000145278216965 0.001998916657800 0.929805442550656 0.016904305667474 0.001228870386810 0.049917186520295 
0.234310944283532 0.234557099984157 0.022611667971604 0.506933106467462 0.000910145369961 0.000677035923284 
0.993954344655337 0.005992395655574 0.000007754757715 0.000031543468711 0.000002747871340 0.000011213591324 
0.004186778599670 0.230707715296404 0.000183425187458 0.261645780871844 0.500702247281123 0.002574052763501 
0.000888004323082 0.000106506563389 0.866715978796611 0.000026038770784 0.132113490847308 0.000149980698825 
0.000011112640559 0.000023508763100 0.023008367878028 0.949578280285726 0.027307952784241 0.000070777648346 
0.042578449006913 0.000677028596733 0.000045942173709 0.024483005735318 0.146897965483247 0.785317609004080 
0.001436068646745 0.004166757992597 0.011366896025603 0.982514668716525 0.000510173341164 0.000005435277366 
0.881402320064245 0.000000026849971 0.000020390099484 0.080888703960351 0.037675657063036 0.000012901962914 
0.591449086255363 0.408260562469267 0.000000074833539 0.000036603756914 0.000253307681703 0.000000365003215 
0.003559209226823 0.995095182008086 0.000938266169809 0.000160634833157 0.000189231980389 0.000057475781736 
0.101061323896436 0.197347769517982 0.000247629277473 0.030165820136822 0.671166672209045 0.000010784962242 
0.000039125172975 0.001346545994099 0.000025709384218 0.001441098674311 0.353004495135592 0.644143025638805 
0.028175792465500 0.462916728601641 0.000005214965459 0.007819113508749 0.497889012678383 0.003194137780269 
0.011546070143714 0.022546190856097 0.000186320332615 0.015990441408879 0.928808081885653 0.020922895373042 
0.000241115046929 0.000000007029246 0.000451093300457 0.000068240019759 0.000005616250064 0.999233928353545 
0.001847680944121 0.000128848408830 0.000000125625074 0.997938158567731 0.000000432145297 0.000084754308948 
0.000483970698279 0.013924906693672 0.811617431087007 0.150916859396662 0.003739377243606 0.019317454880774 
0.993488481666970 0.000236902282791 0.000498541954435 0.004127473466123 0.001611387273006 0.000037213356674 
0.002954414854975 0.000912406752880 0.535291047305179 0.104737855342404 0.341709380992289 0.014394894752273 
0.002463036712310 0.000004594134143 0.000838667483850 0.000069914306799 0.000317204286598 0.996306583076299 
0.042272235070631 0.050859172475715 0.008850956119011 0.000164703315614 0.897695109763940 0.000157823255090 
0.004394354030746 0.784840523306485 0.000000017760042 0.210764319945406 0.000000759196851 0.000000025760469 
0.943365180371708 0.000334942454847 0.000137901372897 0.004144778965161 0.051595448514343 0.000421748321045 
0.002443940917487 0.332745810446818 0.000089652774301 0.000217740534559 0.660983492822439 0.003519362504397 
0.022097386687138 0.211633150180132 0.003968841950740 0.689002122858613 0.007792130795589 0.065506367527788 
0.001512047199712 0.211003452101144 0.034374001009106 0.003546086120475 0.746439444160592 0.003124969408971 
0.000000000047465 0.000000000732294 0.999961158368112 0.000001189610349 0.000000051329570 0.000037599912211 
0.000855727553677 0.000126826758265 0.037175010250548 0.155612161601682 0.804657537851144 0.001572735984683 
0.000000000000000 0.000000000000000 0.999999999885727 0.000000000111521 0.000000000000000 0.000000000002752 
0.603781284078880 0.378430342360105 0.000022220322518 0.014409720591262 0.000151336721651 0.003205095925584 
0.601705082744919 0.078113596257493 0.027948972294516 0.003826067179334 0.133122323287119 0.155283958236619 
0.000644856536382 0.005336776339063 0.012082276042333 0.014049862213444 0.967526281483832 0.000359947384946 
0.000001163013951 0.046729216487747 0.000004046186646 0.015359122386298 0.023980466180025 0.913925985745333 
0.000000053237806 0.999603017816563 0.000000000450079 0.000002799395489 0.000391389605337 0.000002739494726 
0.999698473778035 0.000000000095569 0.000000000080347 0.000000001927539 0.000000000308083 0.000301523810427 
0.001572996647583 0.859088971979831 0.004916134214260 0.006083757365498 0.112726270253490 0.015611869539339 
0.087779782067921 0.026731648527315 0.090064060597572 0.000343180820089 0.060058026400416 0.735023301586686 
0.000000237361138 0.000000030690181 0.994750760093056 0.002331081244593 0.000041396547863 0.002876494063169 
0.013254431779446 0.000000410902323 0.000004399233184 0.002707498024976 0.305648262064989 0.678384997995082 
0.000012024329774 0.000000794392250 0.000000726099718 0.006337261907863 0.000285554264237 0.993363639006158 
0.000507464123047 0.013660080345475 0.093433573123664 0.220262658376913 0.671511227552654 0.000624996478246 
0.999997674313996 0.000000000000125 0.000000000000242 0.000000000061832 0.000000000000172 0.000002325623633 
0.000861598234390 0.000643900413431 0.000980240624390 0.000246589269653 0.996818590096960 0.000449081361176 
0.809256322598647 0.001449220326112 0.000023544941161 0.004216273603872 0.014266180064185 0.170788458466024 
0.137037012478962 0.000148075211783 0.000000312071276 0.000010121039059 0.000420128800618 0.862384350398302 
0.017447833289492 0.002111212599554 0.328652997117034 0.020265115795909 0.593989994026656 0.037532847171356 
0.017607866110562 0.874705746685314 0.001966386393478 0.087681202723350 0.008201151246228 0.009837646841067 
0.000138508802982 0.000248209682538 0.000082066827350 0.092084681433600 0.407511276242819 0.499935257010711 
0.008579133461259 0.869643113576876 0.001809486155906 0.058802649487948 0.052404942699678 0.008760674618333 
0.002572174226841 0.782271247263401 0.000756972422580 0.000390808168870 0.200904876321933 0.013103921596376 
0.000001057212599 0.000001790716503 0.999355470442969 0.000628581579930 0.000000339913475 0.000012760134525 
0.804861203614713 0.019429816995397 0.166311052413164 0.005678203200133 0.001095356460156 0.002624367316436 
0.000000272087544 0.998519127277505 0.000000140813155 0.000009672323769 0.001462450288364 0.000008337209663 
0.000008102400012 0.004152684682628 0.977017961840555 0.000055859539438 0.018726226661727 0.000039164875641 
0.211412244265639 0.706448278695169 0.000155987405597 0.026996574609818 0.032137192094050 0.022849722929729 
0.003470465307216 0.242868872722339 0.000447858331578 0.037304787859903 0.715908008721736 0.000000007057227 
0.017387938737899 0.880564157278864 0.000006047034998 0.049864672688526 0.051974477972793 0.000202706286920 
0.000000475163586 0.171622719948199 0.000073343498054 0.000356841197506 0.827946533241273 0.000000086951382 
0.005780622058755 0.000634008637713 0.000000162132168 0.000083361500535 0.000491284592741 0.993010561078088 
0.000000000000007 0.000000000000000 0.999999997691371 0.000000000023431 0.000000000031779 0.000000002253413 
0.000142434826048 0.954215231019323 0.013021075734142 0.000819237913236 0.031789284100905 0.000012736406348 
0.001108902963616 0.755667304228137 0.000000330746349 0.243221172808085 0.000002202595603 0.000000086658210 
0.000000028865130 0.000136855965159 0.000000032049587 0.000000788343811 0.998190105445156 0.001672189331156 
0.000000017868375 0.000923878075885 0.000062318423877 0.000089422927625 0.876688579174507 0.122235783529732 
0.000001197155785 0.000010274741115 0.000006682609564 0.000003947879362 0.999928009111718 0.000049888502455 
0.009180508644970 0.003576850308434 0.000000404557213 0.987239447222126 0.000002184349101 0.000000604918156 
0.000208955183792 0.000044505367388 0.970842759360362 0.012403448246788 0.002361083250960 0.014139248590710 
0.004968300074814 0.000267270972844 0.249789295462108 0.008127763100730 0.733742202625069 0.003105167764435 
0.923691127862102 0.000008120835293 0.072473265240708 0.001333580911118 0.002440724053573 0.000053181097206 
0.964169509415303 0.028092064063829 0.000022025974098 0.001371380804548 0.006340433356003 0.000004586386219 
0.000450046298044 0.969737273775871 0.000240206858377 0.029102241043986 0.000387866210560 0.000082365813162 
0.000058524905058 0.697405563808531 0.001642545400581 0.011149594306088 0.284370257356924 0.005373514222818 
0.547888268944269 0.416735353887484 0.000001395938092 0.024295019667155 0.011060070577158 0.000019890985842 
0.012526728058010 0.003276102999605 0.121081225578444 0.792026306196580 0.006226750490773 0.064862886676588 
0.000000000002990 0.999999999996597 0.000000000000000 0.000000000000390 0.000000000000023 0.000000000000000 
0.000008451294753 0.000471709653227 0.805645948266018 0.000017496478898 0.193793735787785 0.000062658519319 
0.005129288506185 0.062752722078782 0.003352233891254 0.405271396223561 0.520670267131313 0.002824092168905 
0.000607164552708 0.000050454898897 0.193545875510973 0.779415723937572 0.023058755998978 0.003322025100871 
0.000000986529056 0.004021328096059 0.000402948394020 0.000086770569161 0.991195926086220 0.004292040325485 
0.951495421448869 0.036801362715247 0.000638882242768 0.009559972732353 0.001501910365497 0.000002450495267 
0.999816009586959 0.000110006180505 0.000000011247679 0.000002332327161 0.000071575050077 0.000000065607619 
0.000203185744148 0.028472715490418 0.000031076489121 0.971291158393031 0.000000784821918 0.000001079061365 
0.000251479451125 0.000000265423472 0.820206388558547 0.176313912831347 0.003114694276861 0.000113259458647 
0.000741986977749 0.000008591202313 0.998798856796795 0.000131439765916 0.000183620236520 0.000135505020705 
0.878448863762479 0.119251856448905 0.001074878570315 0.000929952004113 0.000209692668686 0.000084756545502 
0.015891882176071 0.005867733385284 0.444837222843129 0.095697619532836 0.435732456833467 0.001973085229214 
0.000222141961891 0.000011141943108 0.000008040623625 0.000032533315138 0.999726125023144 0.000000017133094 
0.010394108237517 0.011771238371790 0.000000476572417 0.000010072252934 0.000968222977082 0.976855881588261 
0.000011649824621 0.000197982991583 0.996706005091376 0.000000741708571 0.003064228567760 0.000019391816088 
0.007031699464192 0.000028773467643 0.681419703600203 0.023926614604843 0.248513810925617 0.039079397937501 
0.000000820214837 0.000111324462526 0.000000770767138 0.000002447118043 0.003208635420925 0.996676002016531 
0.000041083786765 0.000001743184410 0.833870639723227 0.163987184599133 0.000003012238714 0.002096336467751 
0.002651456029943 0.855160297970155 0.017216047350791 0.102255229142176 0.018700718290323 0.004016251216611 
0.986970036096267 0.004659087811670 0.000000616156037 0.008367872582145 0.000000069654704 0.000002317699177 
0.000000193418022 0.000000547730713 0.000010851675446 0.000000408803159 0.999987929139235 0.000000069233425 
0.000000074126126 0.000021139065301 0.015831117825502 0.696012406614732 0.010952387683406 0.277182874684933 
0.088305289053078 0.057363017685760 0.002577558941869 0.254495411024964 0.580583019382863 0.016675703911466 
0.989390751204305 0.010263145286141 0.000001788531031 0.000341456956924 0.000002199004218 0.000000659017381 
0.003231396279954 0.591486777297414 0.001919278489397 0.000253229098746 0.402719112911429 0.000390205923060 
0.614684781057744 0.000412524197336 0.000015962382563 0.216298540482315 0.000085860583976 0.168502331296066 
0.000005867100298 0.000026805860127 0.001957987668525 0.000417719654740 0.029162546915085 0.968429072801225 
0.000075318057166 0.433193551845011 0.000001601354621 0.566560930130708 0.000054754519271 0.000113844093223 
0.999503720627123 0.000489661411542 0.000000453792223 0.000001344959842 0.000002285247093 0.000002533962177 
0.000000117483164 0.000000099766757 0.001349810859450 0.000005844550903 0.976675520366529 0.021968606973197 
0.003600662937237 0.011541981780416 0.644527814230844 0.011719779590973 0.327071230594894 0.001538530865637 
0.000006065510854 0.012090783761475 0.703131190610136 0.000100830286192 0.284667971768647 0.000003158062696 
0.000375435388597 0.000101444960340 0.752545236499514 0.000003720084521 0.020071504241805 0.226902658825223 
0.000008114881290 0.012952765188628 0.000463103037449 0.000212618519650 0.930055529431651 0.056307868941332 
0.999987978339764 0.000010369186132 0.000000004051608 0.000001597229453 0.000000019126481 0.000000032066562 
0.999912280116678 0.000000078906066 0.000007330126944 0.000049806367347 0.000028106752058 0.000002397730906 
0.008596836938597 0.103195612516395 0.000048584843336 0.000320538250877 0.878895792010092 0.008942635440703 
0.004791349496525 0.195575032509225 0.021619422571755 0.389713597435395 0.005841350988857 0.382459246998244 
0.000000046147569 0.000001487872131 0.000000000001167 0.999998441218421 0.000000011448335 0.000000013312378 
0.001543313451960 0.099031867992258 0.001213819133072 0.001879757346025 0.896296879881728 0.000034362194956 
0.000087624059692 0.055887477293143 0.003289581441529 0.003058119960835 0.935003558593878 0.002673638650924 
0.020975557253943 0.626705554027893 0.000045507270232 0.000232612062583 0.203213432741436 0.148827336643912 
0.000275533747491 0.988011994185295 0.000284527558845 0.008865743787074 0.001139014981448 0.001423185739847 
0.531493500951395 0.386217611107552 0.003541254241696 0.038566690748731 0.040174761294304 0.000006181656323 
0.000029214395159 0.000158393362121 0.000026888577622 0.001115856524834 0.998192649963232 0.000476997177032 
0.719457296509791 0.244265847948402 0.000397749516619 0.026985324277346 0.004766713972964 0.004127067774877 
0.000815698785636 0.000041465226137 0.443638425013672 0.006243680752017 0.096927170080856 0.452333560141682 
0.000000000006313 0.000002173161576 0.000000000193120 0.000000062309153 0.000045266310347 0.999952498019491 
0.952374080733578 0.047149711936892 0.000002629288240 0.000013288688419 0.000458845603905 0.000001443748965 
0.000963264511850 0.010725271400675 0.007181963185983 0.055202584338754 0.924222431975911 0.001704484586826 
0.000653852197097 0.000136060729648 0.792035368972303 0.000156483618064 0.193830884326664 0.013187350156225 
0.000000005470581 0.000034945846736 0.004118357209046 0.000071808052901 0.003476007441337 0.992298875979399 
0.001086621864522 0.000022757823033 0.007952478784764 0.120693427917870 0.870174422245139 0.000070291364672 
0.000031219221131 0.027462149864681 0.000008221346201 0.003718672270527 0.911096380507944 0.057683356789516 
0.284225732670179 0.049658707650781 0.014227031130490 0.095647997101161 0.102047741305231 0.454192790142158 
0.933513370002132 0.000121319864302 0.022094976728259 0.001993187837329 0.041314985753383 0.000962159814595 
0.887605498193678 0.112230791051558 0.000003150630730 0.000043807396127 0.000112358276662 0.000004394451245 
0.999999997449214 0.000000001272134 0.000000000000271 0.000000001278370 0.000000000000010 0.000000000000001 
0.000019775046267 0.000044934274406 0.292661184892044 0.065100717740562 0.014935688858206 0.627237699188515 
0.000206568722812 0.998376915819543 0.000029307579107 0.001376619527473 0.000007773621592 0.000002814729473 
0.754659122192027 0.002311706863226 0.233928649807646 0.000838346443817 0.003283921059892 0.004978253633392 
0.000829617203506 0.042430146621924 0.008221577616714 0.006083061557163 0.942418190314545 0.000017406686148 
0.838183709103345 0.007068351608331 0.000042249080012 0.007688927444476 0.146887545839159 0.000129216924676 
0.000035706793453 0.988556387504935 0.000066377023400 0.004119384193072 0.007039700907160 0.000182443577980 
0.860486533395859 0.073814704947253 0.000008541129378 0.064310181717103 0.000226703556328 0.001153335254078 
0.991835533709431 0.001526537808386 0.000251117907515 0.000063276409369 0.000034438412364 0.006289095752935 
0.000000587297360 0.000000229047927 0.861582409924592 0.000003014928120 0.138397601113751 0.000016157688250 
0.000056569217738 0.003076057369246 0.994529441390705 0.001949661371919 0.000048518976092 0.000339751674299 
0.015643856555712 0.115755046184976 0.240362520933154 0.000878454019566 0.597418747772302 0.029941374534291 
0.042260203223680 0.803053888824959 0.000007249460846 0.001428638397466 0.107637792886751 0.045612227206298 
0.000014427538618 0.025216372989224 0.000029731847697 0.000340436556708 0.283265184143896 0.691133846923858 
0.000343691503620 0.005139203900144 0.000443294556958 0.000011057107825 0.994060613557025 0.000002139374429 
0.004082545365820 0.021604738336544 0.036990556785839 0.000331961147693 0.936990045202560 0.000000153161545 
0.000111978147378 0.768736655737994 0.220332652371501 0.010070148572365 0.000728890663707 0.000019674507054 
0.000079191602006 0.001970889530063 0.000100621933216 0.000504767162160 0.997343235420459 0.000001294352096 
0.998170901229654 0.001446872753114 0.000000114066894 0.000007988474252 0.000009686079817 0.000364437396269 
0.999884167141748 0.000000004283412 0.000000042926528 0.000000061632541 0.000020787850769 0.000094936165002 
0.001596180475107 0.005756499546064 0.005789804768489 0.036066107440422 0.950771321251768 0.000020086518151 
0.002637754537971 0.001195779174091 0.012404520981359 0.404725071760022 0.579014778503652 0.000022095042905 
0.000042720428416 0.000081847456080 0.000022827757349 0.006865933050290 0.018109052368122 0.974877618939743 
0.460535334733745 0.010515386694469 0.052955957842345 0.421525209212472 0.054058542731705 0.000409568785264 
0.019933098574965 0.038258876359759 0.000046439011637 0.870062105770130 0.010460336152215 0.061239144131294 
0.094835291122016 0.281007289198519 0.097237419261079 0.502457273875887 0.001148573352511 0.023314153189988 
0.002516284764895 0.004412372444278 0.001249674995652 0.005656325712598 0.985228421245638 0.000936920836939 
0.230514761534594 0.491236116767469 0.000704473123411 0.261348535553434 0.012176342158098 0.004019770862993 
0.950047430893143 0.048721085844609 0.000076018534807 0.000058760343058 0.000157086591196 0.000939617793187 
0.794006375534978 0.000255319772625 0.000002496692285 0.009123207947403 0.196560739586500 0.000051860466209 
0.000237374570695 0.998000803675046 0.000001936184648 0.000024438001532 0.001735046269940 0.000000401298139 
0.000029032496048 0.000154992349247 0.000215846553767 0.000043359496978 0.999195521807335 0.000361247296624 
0.806491603317140 0.003329670953173 0.000668274331567 0.149179978476606 0.036999836223739 0.003330636697775 
0.999927045848071 0.000000008943642 0.000000000010429 0.000000000060440 0.000000000001111 0.000072945136307 
0.000592546717970 0.009078362725804 0.020641207458795 0.001215304229152 0.953275967908606 0.015196610959673 
0.000142980195893 0.033448329711167 0.004155284307806 0.075677724085933 0.075646399992696 0.810929281706505 
0.001141913794063 0.998851003195673 0.000000253541161 0.000004941114438 0.000000160222933 0.000001728131731 
0.994121914326699 0.005712346296649 0.000000093658989 0.000001359008145 0.000161127363252 0.000003159346266 
0.001044039332855 0.000000006057685 0.000003472918973 0.000000043259105 0.998952433998288 0.000000004433094 
0.136053501445108 0.006451019635622 0.000014289049581 0.857454572839262 0.000000982930838 0.000025634099589 
0.013610053354235 0.984534299395564 0.001179536703088 0.000104474603782 0.000392204354267 0.000179431589064 
0.000000002818445 0.000000011303419 0.989673109828233 0.000000958237112 0.010324861208808 0.000001056603983 
0.647804010767050 0.001171603353256 0.000000358313663 0.350895408677280 0.000078889132212 0.000049729756539 
0.000013132211318 0.020384255473203 0.193231666250800 0.042132811696092 0.235642732422770 0.508595401945817 
0.000061210239673 0.897029914916715 0.000023727731995 0.006710788206125 0.005411586004097 0.090762772901395 
0.000000000000000 0.000000000000000 1.000000000000000 0.000000000000000 0.000000000000000 0.000000000000000 
0.000000007219332 0.999994593775866 0.000000000000042 0.000005398899582 0.000000000100693 0.000000000004485 
0.969075637543036 0.010452724542137 0.000034798279474 0.000362573765688 0.000299183753596 0.019775082116069 
0.001532071455740 0.003084503524634 0.994769162105417 0.000600312883227 0.000006542805123 0.000007407225860 
0.110303794251965 0.000013646234244 0.872190902689481 0.015984321331896 0.001472640908069 0.000034694584345 
0.005586832720173 0.724759248828327 0.017763601943340 0.000304537675362 0.251569559323293 0.000016219509505 
0.999937194572668 0.000062791376713 0.000000000017327 0.000000000794727 0.000000013140854 0.000000000097710 
0.001287904759310 0.051503856085477 0.001828007690926 0.880576388780958 0.064799421789237 0.000004420894094 
0.008127417076202 0.052125703179246 0.091184339860239 0.041548364997116 0.560922735848452 0.246091439038745 
0.792442211520169 0.180036495636616 0.026774222667206 0.000667984428648 0.000071948088280 0.000007137659081 
0.001928719046988 0.001168038768825 0.057721809113816 0.853355373116362 0.079363302505446 0.006462757448562 
0.999908104219803 0.000000691976113 0.000000000337579 0.000091202167018 0.000000000088889 0.000000001210597 
0.000288337934163 0.255672645012994 0.742659673311436 0.000070331035578 0.001251756663784 0.000057256042045 
0.003671728356176 0.000086678144657 0.621456858207224 0.002568614100494 0.370419628080341 0.001796493111108 
0.000571972629810 0.000014935204440 0.148662087494382 0.000001809881078 0.849676646538019 0.001072548252271 
0.000145181155274 0.008896313970868 0.001500467956377 0.857419271318479 0.017541947809892 0.114496817789110 
0.030468117770217 0.913498576822058 0.000127977836535 0.010673881945843 0.028479878428633 0.016751567196713 
0.461602301570837 0.538314898028226 0.000002820485350 0.000025300368991 0.000047492365900 0.000007187180696 
0.000000003805949 0.000000000676763 0.000000727886608 0.048264906358452 0.937244999342547 0.014489361929682 
0.000052626619339 0.060892839136004 0.000003036910947 0.000004445226673 0.939047049417239 0.000000002689798 
0.000002489878452 0.000000047868093 0.999983336877833 0.000013397282591 0.000000561088795 0.000000167004235 
0.002739156517382 0.016215977678466 0.146383520841831 0.000152028090793 0.831914800752343 0.002594516119186 
0.911625990011490 0.087650718375509 0.000099877565041 0.000574769497361 0.000048632648552 0.000000011902047 
0.003696725203589 0.560779257459363 0.000241899566755 0.424506512675026 0.003328485339873 0.007447119755394 
0.000155038592447 0.082659419843844 0.000376265145644 0.916661981120853 0.000110119272019 0.000037176025193 
0.639644243189584 0.000409299610047 0.000149655716211 0.046859986818508 0.258791353418454 0.054145461247197 
0.001395889349925 0.998178121623909 0.000000053742939 0.000412093810141 0.000012143293207 0.000001698179879 
0.989864098679674 0.000465505046936 0.000086527556774 0.004188571142415 0.001143058608636 0.004252238965565 
0.000000000000044 0.000000041559070 0.000000000000044 0.999999957802137 0.000000000638691 0.000000000000014 
0.000025556776947 0.002479597491163 0.012407699968012 0.002088098712604 0.982978497018742 0.000020550032533 
0.985877568980988 0.014031603487560 0.000051898892793 0.000011965858342 0.000025948075798 0.000001014704520 
0.184513068635748 0.004127741040135 0.000118168972755 0.008686857868016 0.799910857781404 0.002643305701941 
0.010350580411458 0.907063625039557 0.000226086546600 0.026671953871678 0.041408144831455 0.014279609299252 
0.888118008207042 0.000022810476026 0.000017806613002 0.000240634673374 0.001235566570337 0.110365173460218 
0.050098297088319 0.190398647194290 0.698754886229592 0.009645871666739 0.000864131793757 0.050238166027302 
0.000000465056882 0.252982209480867 0.000000609031339 0.004913414747472 0.566897872239728 0.175205429443711 
0.003201718694697 0.693053888753856 0.017570173162291 0.286107541025948 0.000058055708253 0.000008622654955 
0.169056090717953 0.155067352934353 0.002205251491719 0.209202055484992 0.455634775463446 0.008834473907537 
0.000000182241753 0.005792381754653 0.000000648242025 0.000085434401075 0.956875762800499 0.037245590559995 
0.000031698272535 0.406497145272329 0.000002615858090 0.000370603287753 0.557786853405505 0.035311083903787 
0.104175422314829 0.868881047197886 0.012762309172794 0.000030191230765 0.014151013276872 0.000000016806854 
0.000439502872896 0.981408686608784 0.000198352203062 0.000313206981219 0.016882523507068 0.000757727826970 
0.000032077464300 0.000357352874241 0.909812430433630 0.000091615799171 0.061204973824775 0.028501549603883 
0.004776561164558 0.133138357033557 0.015351157309623 0.497572296657293 0.106962345996650 0.242199281838319 
0.000034024071665 0.998688566961263 0.001084902352517 0.000026618281768 0.000107352548511 0.000058535784276 
0.253752349199462 0.170010073001021 0.010423123883145 0.113161136336777 0.328804973157348 0.123848344422249 
0.149120592271340 0.848699622948520 0.000000178729927 0.001004055524178 0.001174581980130 0.000000968545906 
0.188838460367254 0.033358911315739 0.082990815291739 0.038870474126465 0.655615797310309 0.000325541588495 
0.000218196724720 0.024899302321306 0.000025247952488 0.000001057846315 0.974856015666815 0.000000179488357 
0.000000940165149 0.000000128709194 0.610211118121121 0.004157961759611 0.022741580581535 0.362888270663390 
0.014829389379100 0.045566599480200 0.181048686375452 0.550480195806444 0.207507603131166 0.000567525827639 
0.001374261213974 0.974314637372054 0.000180562967396 0.000666959661634 0.023414471884338 0.000049106900605 
0.017270740236368 0.006710770371101 0.065497433181035 0.092198951068232 0.742834856201930 0.075487248941335 
0.762474056210165 0.049036674790390 0.000694077594742 0.010303405619552 0.177274341259777 0.000217444525373 
0.000249300757983 0.000003485895714 0.999494600764776 0.000077897357528 0.000002627558350 0.000172087665649 
0.000033346815113 0.000250751464913 0.195683193137988 0.126156978165222 0.000004740166534 0.677870990250229 
0.006728573140297 0.980431819113705 0.012398098404357 0.000114627573907 0.000323195817399 0.000003685950336 
0.000332331596362 0.081272521923482 0.004849492089754 0.002443735901929 0.910913530565931 0.000188387922542 
0.000295735715878 0.000371699675293 0.001737958111065 0.000305841258333 0.458555313590753 0.538733451648678 
0.000010251677353 0.000217209285126 0.000000005798311 0.999770804649531 0.000000485212343 0.000001243377337 
0.999997980906484 0.000000365875758 0.000000012833306 0.000000459483861 0.000000186077605 0.000000994822986 
0.999830486651882 0.000000263192659 0.000000012303777 0.000000068548828 0.000152946934859 0.000016222367994 
0.000021866311206 0.998837269860347 0.000018143405318 0.001073551028973 0.000019107236762 0.000030062157394 
0.017356825737722 0.000000235517778 0.000157340323080 0.341639416556500 0.005229396310980 0.635616785553940 
0.000000003478598 0.000000000202165 0.999963373198437 0.000008740920727 0.000015754356505 0.000012127843569 
0.002969740358052 0.207832928268593 0.000062146208250 0.001836780897965 0.072511453410680 0.714786950856461 
0.002304323013265 0.004903439657342 0.000000001157772 0.000035598809943 0.992668657124766 0.000087980236913 
0.000009797447767 0.926039268960951 0.000006151782762 0.000272943801809 0.073671545622948 0.000000292383764 
0.000404535386584 0.095999591473493 0.004480003985174 0.367448780435273 0.523168680004441 0.008498408715034 
0.000165306223474 0.100876235536106 0.000056327882076 0.001564074655539 0.003384006541145 0.893954049161661 
0.770244261593365 0.171307071763128 0.000091949817509 0.000605577753239 0.057604327056659 0.000146812016100 
0.066892669084712 0.056458642610974 0.329161786090761 0.385803966221691 0.013968284696358 0.147714651295504 
0.000007006679910 0.000034819374377 0.000263111518453 0.000003123155806 0.999683458987225 0.000008480284229 
0.308658794840291 0.000072438774973 0.654051727898645 0.029592366601149 0.007596544273093 0.000028127611849 
0.000037059064218 0.032560753771471 0.679133479759918 0.021733518302855 0.060956743586556 0.205578445514982 
0.974106252410647 0.003098259141237 0.022642991690467 0.000133481870269 0.000001274999346 0.000017739888035 
0.000383963312559 0.921928552631678 0.000000036463009 0.000000158579856 0.077635727629539 0.000051561383360 
0.000016062001434 0.000127980297084 0.000687489339361 0.004424215807251 0.994421383666313 0.000322868888557 
0.007020469028799 0.000392311162974 0.013133418718522 0.001776677467972 0.977599453138192 0.000077670483542 
0.996800380009146 0.003176724165693 0.000000151623593 0.000020942399920 0.000001784192279 0.000000017609369 
0.982640416827904 0.000000732163471 0.000008918417588 0.001601768371995 0.003635600335057 0.012112563883985 
0.021245472967501 0.097186210668426 0.016059118769142 0.522683875022973 0.339287162508815 0.003538160063143 
0.999999712067845 0.000000287794173 0.000000000000617 0.000000000112830 0.000000000023955 0.000000000000580 
0.000000277705446 0.000002209940797 0.999555267665244 0.000402496228532 0.000008301329865 0.000031447130116 
0.022622111667083 0.975780652938322 0.000008859435943 0.000626723904088 0.000961638018102 0.000000014036462 
0.009434121668097 0.075651485879788 0.000445464857502 0.078923188463280 0.170315582120071 0.665230157011261 
0.997098338181318 0.000006638424612 0.000190736840230 0.001135920572387 0.000571768779586 0.000996597201866 
0.104479383647115 0.024316272252736 0.000386706127943 0.007552395262575 0.838018156125238 0.025247086584393 
0.000000999574081 0.000006077989644 0.000001268574705 0.999973432980483 0.000000249078789 0.000017971802298 
0.996199959114438 0.000475324286055 0.000003646994044 0.000540860980720 0.000217109813510 0.002563098811234 
0.863966196131641 0.135941363658027 0.000000438339709 0.000084840067234 0.000007159562832 0.000000002240556 
0.719144089958899 0.000001816146629 0.000005739126493 0.280191063729756 0.000197511541361 0.000459779496861 
0.912732722258908 0.077720036258151 0.000002879044217 0.001948874625850 0.007461512122280 0.000133975690594 
0.588120401187610 0.029421793959451 0.001357563692728 0.003043145519578 0.377810100918172 0.000246994722461 
0.143833594090205 0.057684357414851 0.074449127126038 0.123877024395846 0.599613352362356 0.000542544610704 
0.000035120828215 0.972761634218342 0.000450300145717 0.013860167404355 0.001315213581621 0.011577563821750 
0.000335302778348 0.004863467498715 0.000000231042625 0.000013521174520 0.993994487245393 0.000792990260400 
0.000000178622121 0.000000203678448 0.002820127109132 0.041467167025452 0.020370585194825 0.935341738370023 
0.144087399753337 0.000806739113984 0.000000631817519 0.854990243869114 0.000005428404918 0.000109557041129 
0.000076005410082 0.000571162366023 0.000012717697445 0.001139638542398 0.997586881338925 0.000613594645128 
0.036755707846899 0.957181979086132 0.000006282316665 0.006021723591130 0.000022678079749 0.000011629079424 
0.000114837303324 0.165032280467872 0.000007106546297 0.000181480166626 0.025306495298887 0.809357800216994 
0.000000506609940 0.001405321076117 0.994172567362567 0.000002807392396 0.004395234125547 0.000023563433432 
0.000000003924584 0.000000018524983 0.999134802328581 0.000000046243008 0.000864304369078 0.000000824609767 
0.000009391315011 0.817940870266762 0.004548829960033 0.015845872372227 0.161617114696180 0.000037921389788 
0.902589592096760 0.080735465839690 0.000868626505892 0.000290901067542 0.015482153234145 0.000033261255972 
0.000055529281687 0.000001629691087 0.955089640632174 0.000646552550549 0.000303536078915 0.043903111765588 
0.001905784115196 0.033102987427508 0.001831368557378 0.041046826835294 0.922044542306936 0.000068490757688 
0.008224007427659 0.986563420590198 0.000018500594947 0.005176492026420 0.000007238709111 0.000010340651666 
0.000960474512759 0.010056298629399 0.000818100710069 0.004955867199410 0.983206498220271 0.000002760728092 
0.038534951595072 0.001071754754941 0.669182797757586 0.035528218324155 0.219229091529680 0.036453186038566 
0.009273615560922 0.782005936292596 0.000306095642610 0.019135252828710 0.189267684226193 0.000011415448969 
0.000000011602560 0.000000092962086 0.000000000001372 0.999999893601801 0.000000001672243 0.000000000159939 
0.000079638858678 0.975252945951078 0.024369610118671 0.000029425514793 0.000222496672865 0.000045882883916 
0.000317784845898 0.964721336900842 0.000048173282797 0.000444505562336 0.034454833402787 0.000013366005339 
0.000007388727638 0.712999178101063 0.000000017797372 0.112519919442296 0.174473046375452 0.000000449556178 
0.000980616810578 0.000869480382937 0.986930373366005 0.000109477031824 0.011108154666630 0.000001897742026 
0.000024453257373 0.999972875351049 0.000000853494170 0.000001800907011 0.000000016974101 0.000000000016296 
0.997463842913623 0.002473355919645 0.000000036651211 0.000049797918172 0.000012676009349 0.000000290588001 
0.000307170911246 0.007717581423595 0.015918930967087 0.013596725991658 0.962456651603784 0.000002939102630 
0.000001064465022 0.000281249266686 0.000014716838967 0.013504960564802 0.003995932893377 0.982202075971146 
0.064537531423893 0.007862510339887 0.010155708255544 0.046116875093713 0.145381153312577 0.725946221574386 
0.998807776257006 0.000427361655423 0.000006559455674 0.000747569758230 0.000008559550037 0.000002173323631 
